0.000 0.692 -0.000 0.000 -0.008 0.001 0.317 0.000 0.000 0.004 -0.000 0.000 -0.005
0.000 1.000 -0.000 0.000 -0.000 -0.000 0.000 0.000 0.000 0.000 0.000 0.000 0.000
0.000 1.000 0.000 -0.000 0.000 0.000 0.000 -0.000 0.000 0.000 -0.000 0.000 0.000
-66.989 0.000 1680.730 0.047 96.913 -3.328 -1622.544 0.000 -71.882 0.000 -0.150 -6.758 0.000
178.540 0.000 -2127.853 0.053 -182.888 -1.078 1873.091 -83.522 257.301 0.000 0.091 0.000 79.271
-0.292 -23.715 0.000 0.001 -0.001 -0.009 23.980 0.000 12.373 -11.431 0.001 0.000 0.086
35.927 -428.502 0.000 -0.019 -0.005 -10.149 391.048 102.055 -89.854 0.000 0.036 -0.394 0.000
0.000 0.000 1.000 -0.000 0.000 0.036 0.001 -0.211 0.176 0.000 -0.000 0.000 -0.002
0.000 0.000 0.000 0.000 0.000 0.000 0.000 0.000 3.800 -2.800 0.000 -0.000 0.000
0.000 0.000 0.000 0.000 0.000 0.000 -0.000 0.000 0.263 0.737 0.000 0.000 0.000
0.000 0.000 0.000 0.000 0.000 0.000 0.000 0.000 -0.357 1.357 0.000 0.000 -0.000
-86.963 0.000 292.896 -0.009 0.005 10.086 0.389 -209.336 -13.608 3.274 0.000 4.042 0.000
0.000 0.000 -0.044 -0.000 0.000 0.000 0.000 0.000 0.000 0.000 0.000 0.000 1.044
0.000 0.000 0.042 0.000 0.000 0.000 0.000 0.000 0.000 0.000 0.000 0.000 0.958
