0.000 0.000 0.000 0.000 -0.032 -0.001 0.994 -0.192 0.000 0.226 0.000 0.004 0.000
0.000 1.000 0.000 -0.000 0.000 0.000 -0.000 0.000 0.000 0.000 0.000 0.000 0.000
0.000 1.000 0.000 0.000 0.000 0.000 0.000 0.000 0.000 0.000 0.000 0.000 0.000
0.000 0.000 1184.858 0.000 53.595 -1.247 -1192.158 -122.615 78.848 0.000 -0.124 0.000 0.000
0.000 0.000 -3102.345 0.165 -226.323 1.078 3054.330 359.188 0.000 -151.140 0.270 63.467 0.000
-0.143 0.000 0.000 0.001 -0.001 -0.005 23.218 0.000 9.873 -8.940 0.001 526.156 -549.164
-7.996 0.000 -309.496 -0.020 0.004 -8.245 314.934 70.788 -60.081 0.000 0.000 0.463 0.000
0.007 0.000 0.992 -0.000 0.000 0.041 0.000 -0.122 0.000 0.084 -0.000 -0.001 0.000
-0.000 0.000 0.000 0.000 -0.000 0.000 0.000 0.000 3.800 -2.800 0.000 0.000 0.000
0.000 0.000 0.000 0.000 0.000 0.000 0.000 0.000 0.263 0.737 0.000 0.000 0.000
0.000 0.000 0.000 0.000 0.000 0.000 0.000 -0.000 -0.357 1.357 0.000 0.000 0.000
29.200 0.000 0.000 0.000 0.014 4.417 -0.291 -36.540 0.000 0.000 -3.426 0.000 6.365
0.000 -0.044 0.000 0.000 0.000 0.000 0.000 0.000 0.000 0.000 0.000 0.000 1.044
0.000 0.042 0.000 0.000 0.000 0.000 0.000 -0.000 0.000 0.000 0.000 0.000 0.958
