0.000 0.729 0.001 -0.000 0.000 0.000 0.273 0.000 0.000 0.000 0.001 -0.002 0.000
0.000 0.000 0.000 0.000 -0.000 -0.292 0.000 0.000 -0.000 0.000 0.000 0.000 0.000
0.000 1.000 0.000 -0.000 0.000 0.000 0.000 0.000 0.000 0.000 0.000 0.000 0.000
62.168 0.000 0.000 0.015 44.539 -193.426 -725.821 -77.891 37.782 0.000 -0.125 -1.457 0.000
-433.643 -5978.966 0.000 1.502 -483.169 0.000 6347.457 0.000 0.000 469.695 4.522 87.216 0.000
-0.418 0.000 0.000 0.001 -0.000 4.878 17.176 0.000 3.415 -2.465 0.000 0.000 0.030
0.000 -3.429 0.000 0.000 0.000 -0.000 0.000 0.000 0.000 -0.000 0.000 0.000 0.000
0.000 0.000 0.000 -0.000 0.000 0.058 -0.291 -0.051 -0.004 0.000 0.000 0.000 -0.002
0.000 0.000 0.000 0.000 0.000 0.000 0.000 0.000 3.800 -2.800 0.000 0.000 0.000
0.000 0.000 0.000 0.000 0.000 0.000 -0.000 0.000 0.263 0.737 0.000 0.000 0.000
0.000 0.000 0.000 0.000 0.000 0.000 0.000 0.000 -0.357 1.357 0.000 0.000 0.000
21.583 -22.020 0.000 -0.073 0.022 8.180 0.000 0.000 -15.164 0.000 0.000 0.000 0.282
0.000 0.000 0.000 0.000 0.000 0.000 0.013 0.000 0.000 -0.000 0.000 0.000 1.044
0.000 0.000 0.000 0.000 -0.000 0.000 -0.012 0.000 0.000 0.000 0.000 0.000 0.958
