0.000 0.903 0.000 0.000 0.000 0.000 0.104 -0.001 0.000 0.000 0.000 -0.007 0.000
-0.000 1.000 0.000 0.000 0.000 0.000 -0.000 0.000 0.000 0.000 0.000 0.000 0.000
0.000 1.000 0.000 0.000 0.000 0.000 0.000 0.000 0.000 0.000 0.000 0.000 0.000
-6.907 0.000 0.000 -0.032 19.808 -4.836 0.000 0.000 0.000 0.000 0.000 -8.613 0.000
210.684 -2376.552 0.000 0.000 -186.375 2.556 2119.658 444.348 -279.376 0.000 0.320 0.000 63.339
0.000 0.000 0.000 0.001 -0.004 0.059 0.000 0.000 -16.229 16.975 0.002 0.000 0.180
0.000 0.000 -264.405 -0.028 0.011 -3.935 260.783 67.380 -60.048 0.000 0.000 1.475 0.000
0.000 0.000 1.000 -0.000 0.000 0.039 0.001 -0.168 0.000 0.130 -0.000 -0.002 0.000
0.000 0.000 0.000 0.000 0.000 0.000 0.000 0.000 3.800 -2.800 0.000 0.000 0.000
0.000 0.000 0.000 0.000 0.000 0.000 0.000 0.000 0.263 0.737 0.000 0.000 0.000
0.000 0.000 0.000 0.000 -0.000 0.000 0.000 0.000 -0.357 1.357 0.000 0.000 0.000
161.253 0.000 0.000 0.000 0.040 14.479 0.000 -170.745 28.531 0.000 -42.022 9.463 0.000
0.000 0.000 -0.044 0.000 0.000 0.000 0.000 0.000 0.000 0.000 0.000 0.000 1.044
0.000 0.042 0.000 0.000 0.000 0.000 0.000 0.000 0.000 0.000 0.000 0.000 0.958
