0.000 0.899 0.000 0.000 0.000 0.000 0.101 0.000 0.000 0.000 0.000 0.000 0.000
-0.000 1.000 0.000 0.000 0.000 0.000 0.000 0.000 0.000 0.000 0.000 0.000 0.000
0.000 1.000 0.000 0.000 0.000 0.000 0.000 0.000 0.000 0.000 0.000 0.000 0.000
0.000 0.000 0.000 0.000 5.793 -1.453 13.148 0.000 0.000 0.000 -0.236 0.000 -17.612
249.578 0.000 -4901.878 0.113 -289.846 -2.260 4604.720 277.948 0.000 0.000 0.184 56.319 0.000
-0.780 0.000 -22.850 0.000 -0.001 -0.006 23.664 0.000 10.608 -9.672 0.001 0.031 0.000
22.714 0.000 0.000 -0.011 -0.009 -10.889 357.969 71.190 -57.230 0.000 0.033 8816.176 -9198.626
0.037 0.000 0.961 -0.000 0.000 0.040 0.000 -0.131 0.000 0.094 -0.000 -0.001 0.000
0.000 0.000 -0.000 0.000 0.000 0.000 0.000 0.000 3.800 -2.800 0.000 0.000 0.000
0.000 0.000 0.000 0.000 0.000 0.000 0.000 0.000 0.263 0.737 0.000 0.000 0.000
-0.000 0.000 0.000 0.000 0.000 0.000 0.000 0.000 -0.357 1.357 0.000 0.000 0.000
49.791 0.000 0.000 -0.040 0.000 -3.013 0.344 0.000 0.000 0.000 0.000 1172.990 -1221.751
0.000 -0.044 0.000 0.000 -0.000 -0.000 -0.000 0.000 0.000 0.000 0.000 0.000 1.044
-0.000 0.000 0.042 0.000 -0.000 0.000 -0.000 -0.000 -0.000 0.000 0.000 0.000 0.958
