0.000 0.000 0.001 -0.000 -0.040 -0.000 1.010 0.194 -0.140 0.000 0.002 -0.009 0.000
0.000 1.000 -0.000 0.000 0.000 0.000 0.000 0.000 0.000 -0.000 -0.000 0.000 0.000
0.000 1.000 0.000 -0.000 0.000 0.000 0.000 0.000 -0.000 0.000 0.000 0.000 0.000
38.619 517.894 0.000 0.006 33.976 -0.418 -557.927 0.000 -208.516 178.682 -0.043 -1.186 0.000
-502.874 -6704.686 0.000 0.913 -540.928 -9.317 7127.323 0.000 561.851 0.000 6.842 74.341 0.000
-0.253 0.000 -16.918 0.001 -0.000 0.003 17.218 0.000 3.613 -2.662 -0.000 0.000 0.024
0.000 -3.428 0.000 -0.007 -0.001 0.020 0.000 -0.593 0.000 0.703 0.014 0.000 0.000
0.000 0.000 0.997 -0.000 0.000 0.058 -0.000 -0.056 0.000 0.001 0.000 -0.001 0.000
0.000 0.000 0.000 0.000 -0.000 0.000 0.000 -0.000 3.800 -2.800 0.000 0.000 0.000
0.000 0.000 0.000 0.000 0.000 -0.000 0.000 0.000 0.263 0.737 -0.000 0.000 0.000
0.000 0.000 0.000 -0.000 -0.000 0.000 0.000 -0.000 -0.357 1.357 0.000 0.000 0.000
85.614 -166.146 0.000 -0.059 0.044 0.000 0.787 83.480 -6.048 0.000 0.000 0.000 0.000
0.000 -0.044 0.000 0.000 0.000 0.000 0.000 0.000 -0.000 0.000 0.000 0.000 1.044
0.000 0.042 0.000 0.000 -0.000 0.000 0.000 0.000 0.000 0.000 0.000 -0.000 0.958
