0.000 0.000 0.000 0.000 -0.009 0.000 1.033 0.294 -0.254 0.000 0.001 0.000 -0.031
0.000 0.000 0.000 0.000 -0.000 -0.292 0.000 0.000 0.000 -0.000 0.000 0.000 0.000
0.000 1.000 0.000 -0.000 0.000 0.000 0.000 0.000 0.000 -0.000 0.000 0.000 0.000
0.000 0.000 0.000 0.009 44.195 -194.913 -668.354 -49.339 10.310 0.000 -0.058 -1.603 0.000
0.000 0.000 -12586.566 1.688 -822.593 0.000 12539.624 666.380 0.000 155.764 3.812 92.854 0.000
-0.202 0.000 0.000 0.001 -0.000 4.699 16.369 0.854 0.000 0.119 -0.001 0.000 0.004
0.000 -3.429 0.000 0.000 0.000 -0.000 0.000 0.000 -0.000 0.000 0.000 0.000 0.000
0.000 0.000 0.997 -0.000 0.000 0.061 0.000 0.000 -0.193 0.134 0.000 0.000 -0.001
0.000 -0.000 0.000 0.000 0.000 0.000 0.000 0.000 3.800 -2.800 0.000 0.000 0.000
0.000 0.000 0.000 0.000 0.000 0.000 0.000 0.000 0.263 0.737 0.000 0.000 0.000
0.000 0.000 -0.000 0.000 0.000 0.000 0.000 0.000 -0.357 1.357 -0.000 0.000 0.000
14.891 -1466.262 0.000 -0.101 0.031 -88.618 0.000 1458.889 53.238 0.000 31.910 -2.469 0.000
0.000 0.000 0.000 0.000 0.000 0.000 0.013 0.000 0.000 0.000 0.000 0.000 1.044
0.000 0.042 0.000 0.000 -0.000 -0.000 0.000 0.000 0.000 0.000 0.000 0.000 0.958
