Box-cox:False
Z-normalization:True
Z-score:True
Windmill are excluded:None
Best clustering:
Cl#:0
0_0_2000
0_102_2000
0_103_2000
0_10_2000
0_113_2000
0_11_2000
0_12_2000
0_13_2000
0_14_2000
0_15_2000
0_17_2000
0_19_2000
0_16_2000
0_18_2000
Cl#:1
0_223_2000
0_210_2000
0_1043_2000
0_1621_2000
0_174_2000
0_215_2000
0_246_2000
0_211_2000
0_212_2000
Cl#:2
0_1094_2000
0_1467_2000
0_1318_2000
0_1475_2000
0_201_2000
0_1237_2000
0_1308_2000
0_1354_2000
0_143_2000
0_1513_2000
Coefficients
0.0 1.002 0.0 0.0 -0.0 0.001 0.0 0.015 0.0 -0.016 0.0 0.0 -0.0 
0.0 1.0 0.0 0.0 0.0 -0.0 0.0 0.0 0.0 0.0 0.0 0.0 0.0 
0.0 1.0 0.0 -0.0 0.0 0.0 0.0 0.0 0.0 -0.0 -0.0 0.0 0.0 
0.0 0.0 0.0 0.007 2.39 -0.347 0.0 0.0 0.0 1.275 0.059 -156.294 156.295 
0.0 2599.489 0.0 0.0 0.0 0.499 -2606.725 0.0 0.0 0.0 1.727 0.0 0.0 
0.0 0.0 -25.997 0.0 -0.0 -0.012 26.049 4.704 -3.748 0.0 0.001 0.0 0.004 
105.392 -110.279 0.0 -0.064 -0.002 4.247 0.0 0.0 0.0 0.0 0.089 1.678 0.0 
0.0 0.998 0.0 -0.0 0.0 0.036 0.001 0.0 -0.576 0.541 -0.0 -0.0 0.0 
0.0 0.0 -0.0 0.0 0.0 0.0 0.0 0.0 3.8 -2.8 0.0 0.0 0.0 
0.0 0.0 0.0 0.0 0.0 0.0 -0.0 0.0 0.263 0.737 0.0 0.0 0.0 
0.0 -0.0 0.0 0.0 0.0 0.0 0.0 0.0 -0.357 1.357 -0.0 0.0 0.0 
0.0 365.893 0.0 0.058 0.072 21.75 0.699 -371.243 0.0 -24.816 0.0 6.291 0.0 
0.0 -0.044 0.0 -0.0 -0.0 0.0 0.0 0.0 0.0 0.0 0.0 -0.0 1.044 
0.0 0.042 0.0 0.0 0.0 0.0 0.0 0.0 -0.0 0.0 0.0 0.0 0.958 

Clusters purity:
81.81818181818183
Rand index:0.8011363636363636
Information criterion: 0.36666650708465715
How to process data: all
Kind of mean: all
Tries: 4
Steps: 5
Time: 5.982083082199097
