-0.681 0.000 0.000 0.000 -0.056 0.002 1.692 0.269 -0.223 0.000 -0.000 0.002 0.000
0.000 1.000 -0.000 -0.000 0.000 -0.000 0.000 0.000 0.000 0.000 0.000 0.000 0.000
0.000 1.000 0.000 0.000 0.000 0.000 0.000 0.000 0.000 -0.000 -0.000 0.000 0.000
0.000 -439.982 0.000 -0.024 18.032 -6.495 438.579 185.022 0.000 -167.390 -0.133 -15.178 0.000
200.998 -3181.870 0.000 -0.028 -210.181 -0.663 2974.301 93.109 0.000 107.124 0.496 0.000 14.768
-0.720 -25.932 0.000 0.000 -0.001 -0.017 26.661 5.740 -4.773 0.000 0.001 0.035 0.000
12.522 -345.334 0.000 -0.013 -0.001 -8.333 331.246 0.000 199.844 -189.333 -0.003 -0.696 0.000
0.028 0.000 0.973 0.000 0.000 0.034 0.001 0.000 -0.719 0.686 -0.000 -0.001 0.000
0.000 -0.000 0.000 -0.000 -0.000 0.000 0.000 0.000 3.800 -2.800 0.000 0.000 0.000
0.000 0.000 0.000 0.000 0.000 0.000 -0.000 0.000 0.263 0.737 0.000 0.000 0.000
0.000 0.000 0.000 0.000 -0.000 0.000 0.000 0.000 -0.357 1.357 0.000 0.000 -0.000
-57.340 365.522 0.000 -0.011 0.038 18.325 -0.118 -309.796 -34.614 0.000 20.705 0.000 0.874
0.000 -0.044 0.000 0.000 -0.000 0.000 0.000 0.000 0.000 0.000 0.000 0.000 1.044
0.000 0.042 0.000 -0.000 0.000 0.000 0.000 0.000 0.000 0.000 -0.000 0.000 0.958
