0.000 0.554 -0.000 0.000 0.000 0.001 0.457 -0.071 0.066 0.000 -0.001 -0.006 0.000
0.000 1.000 0.000 -0.000 -0.000 -0.000 0.000 0.000 0.000 0.000 0.000 0.000 0.000
0.000 1.000 0.000 -0.000 0.000 0.000 0.000 0.000 -0.000 0.000 -0.000 0.000 0.000
-28.130 0.000 -44.202 0.012 1.546 -1.261 72.761 3.205 0.000 0.000 -0.097 -3.704 0.000
225.808 0.000 -2520.110 0.081 -188.795 -2.764 2220.780 76.056 0.000 111.599 0.328 0.000 72.386
-0.112 -23.103 0.000 0.000 -0.001 -0.015 23.190 2.808 0.000 -1.832 0.000 0.000 0.061
7.864 0.000 -543.034 -0.031 -0.010 -18.202 533.699 83.486 0.000 -63.546 0.022 0.075 0.000
0.009 0.000 0.991 0.000 0.000 0.039 0.001 0.000 -0.535 0.496 -0.000 0.000 -0.002
0.000 0.000 0.000 0.000 0.000 0.000 0.000 -0.000 3.800 -2.800 0.000 0.000 0.000
0.000 0.000 0.000 0.000 0.000 0.000 -0.000 0.000 0.263 0.737 -0.000 0.000 0.000
0.000 -0.000 0.000 0.000 -0.000 0.000 0.000 0.000 -0.357 1.357 0.000 0.000 0.000
-90.517 358.563 0.000 -0.054 0.027 11.310 0.506 -270.818 -46.266 0.000 34.100 3.588 0.000
0.000 0.000 -0.044 -0.000 0.000 -0.000 0.000 0.000 0.000 0.000 0.000 0.000 1.044
0.000 0.000 0.042 0.000 0.000 0.000 -0.000 0.000 0.000 0.000 0.000 0.000 0.958
