0.000 1.016 0.000 0.000 0.033 0.002 0.000 -0.004 0.000 -0.033 -0.000 0.000 -0.011
0.000 1.000 -0.000 0.000 0.000 -0.000 0.000 0.000 0.000 0.000 0.000 -0.000 0.000
0.000 1.000 -0.000 0.000 0.000 0.000 0.000 0.000 0.000 -0.000 -0.000 -0.000 0.000
5.252 359.273 0.000 0.046 23.455 -0.350 -362.633 -22.818 0.000 2.192 -0.036 0.000 -3.483
255.660 0.000 0.000 0.765 -222.443 -1.052 2440.149 107.442 109.579 0.000 0.250 62650.490 -65340.800
-0.010 0.000 -20.605 0.001 -0.001 -0.009 20.616 2.164 0.000 -1.205 0.000 0.000 0.046
13.732 -799.382 0.000 -0.054 -0.010 -30.974 783.468 117.037 0.000 -84.856 0.003 1.890 0.000
0.005 0.994 0.000 -0.000 0.000 0.045 0.000 -0.123 0.000 0.080 0.000 -0.001 0.000
0.000 0.000 -0.000 0.000 0.000 0.000 0.000 0.000 3.800 -2.800 0.000 0.000 0.000
0.000 0.000 0.000 0.000 0.000 0.000 -0.000 0.000 0.263 0.737 0.000 0.000 0.000
0.000 -0.000 0.000 -0.000 0.000 0.000 0.000 0.000 -0.357 1.357 0.000 0.000 0.000
-28.845 0.000 -39.132 -0.097 0.041 1.104 0.045 62.575 -7.373 0.000 5.760 0.000 5.926
0.000 -0.044 0.000 0.000 0.000 -0.000 0.000 0.000 0.000 0.000 0.000 0.000 1.044
0.000 0.042 0.000 0.000 -0.000 0.000 -0.000 0.000 0.000 0.000 0.000 0.000 0.958
