0.000 0.815 -0.000 0.000 0.000 0.000 0.186 0.000 -0.408 0.407 0.000 0.000 -0.001
0.000 1.000 -0.000 0.000 -0.000 -0.000 0.000 0.000 0.000 0.000 0.000 0.000 -0.000
0.000 1.000 0.000 -0.000 0.000 0.000 0.000 0.000 -0.000 0.000 0.000 0.000 0.000
-5.648 218.061 0.000 0.016 12.507 -0.492 -211.302 -19.886 0.000 10.472 -0.011 -2.624 0.000
42.570 0.000 -2799.135 0.268 -198.529 -0.882 2702.275 179.567 0.000 7.273 0.404 0.000 60.889
-0.007 0.000 -23.278 0.001 -0.001 -0.008 23.294 0.000 11.389 -10.446 0.000 0.049 0.000
1.926 -645.997 0.000 -0.062 -0.007 -20.245 642.116 160.848 -138.685 0.000 0.045 1.242 0.000
0.003 0.996 0.000 -0.000 0.000 0.040 0.000 0.000 -0.557 0.520 -0.000 0.000 -0.001
-0.000 0.000 0.000 -0.000 0.000 0.000 0.000 0.000 3.800 -2.800 0.000 0.000 0.000
0.000 0.000 0.000 0.000 0.000 0.000 -0.000 0.000 0.263 0.737 -0.000 0.000 0.000
0.000 0.000 -0.000 0.000 0.000 0.000 0.000 0.000 -0.357 1.357 0.000 0.000 0.000
12.412 104.565 0.000 -0.013 0.030 8.081 0.442 -120.963 0.000 -42.548 33.672 5.183 0.000
0.000 -0.044 0.000 0.000 0.000 0.000 0.000 0.000 0.000 0.000 0.000 0.000 1.044
0.000 0.042 0.000 0.000 0.000 0.000 -0.000 0.000 0.000 0.000 0.000 -0.000 0.958
