0.000 1.008 0.000 0.000 0.015 0.002 0.000 0.312 -0.339 0.000 0.000 -0.000 0.000
-0.000 1.000 0.000 0.000 0.000 -0.000 0.000 0.000 0.000 0.000 -0.000 0.000 0.000
0.000 1.000 0.000 -0.000 0.000 0.000 0.000 -0.000 0.000 0.000 0.000 0.000 0.000
123.467 1723.456 0.000 0.164 108.423 -4.981 -1868.273 -148.271 0.000 60.719 -1.011 -2.444 0.000
267.896 -2693.751 0.000 0.118 -190.601 -0.265 2397.916 0.000 735.070 -550.745 0.485 0.000 36.986
-0.459 0.000 -23.972 0.000 -0.001 -0.007 24.449 0.000 11.882 -10.939 0.001 0.049 0.000
21.332 -476.984 0.000 -0.019 -0.001 -12.964 450.315 0.000 309.610 -294.258 0.031 3.872 0.000
0.023 0.000 0.976 -0.000 0.000 0.038 0.000 -0.144 0.000 0.108 -0.000 -0.002 0.000
0.000 0.000 0.000 0.000 0.000 0.000 0.000 -0.000 3.800 -2.800 0.000 0.000 0.000
0.000 0.000 0.000 0.000 0.000 0.000 -0.000 0.000 0.263 0.737 -0.000 0.000 -0.000
0.000 -0.000 0.000 -0.000 -0.000 0.000 0.000 0.000 -0.357 1.357 0.000 0.000 0.000
15.763 283.026 0.000 -0.060 0.040 17.150 0.476 -302.762 0.000 -18.207 0.000 0.000 4.600
0.000 0.000 -0.044 0.000 -0.000 0.000 0.000 0.000 0.000 -0.000 0.000 -0.000 1.044
0.000 0.000 0.042 -0.000 0.000 0.000 0.000 0.000 0.000 0.000 0.000 0.000 0.958
