1522091.001 34502.040 0.000 0.000 -0.012 0.001 0.735 0.121 0.000 -0.115 -0.000 0.005 0.000
0.000 0.001 -0.000 -0.000 0.000 0.000 -0.000 0.000 0.000 -0.000 0.000 0.000 0.000
0.000 0.000 0.000 0.000 -0.000 0.000 0.000 0.000 0.000 -0.000 -0.000 0.000 0.000
11.694 -332192326.484 4200847.566 0.014 19.214 -1.059 -330.390 -8.843 -4.527 0.000 0.026 -1.722 0.000
256.383 -349188754.891 6933946.963 0.093 -174.427 -0.397 2146.596 96.124 0.000 72.039 0.379 42.255 0.000
-0.113 2747568.481 -79764.283 0.001 -0.001 -0.010 24.614 3.811 0.000 -2.865 0.001 0.000 0.085
10.003 522451685.844 1316337.658 -0.047 -0.003 -13.752 512.942 103.565 0.000 -87.707 0.021 2.406 0.000
0.010 -162168.818 3847.751 -0.000 0.000 0.037 0.001 -0.179 0.000 0.144 -0.000 -0.003 0.000
0.000 0.000 0.000 0.000 0.000 0.000 0.000 0.000 3.800 -2.800 0.000 0.000 0.000
-0.000 0.000 0.000 0.000 0.000 0.000 0.000 0.000 0.263 0.737 0.000 0.000 0.000
0.000 0.000 0.000 0.000 0.000 0.000 0.000 0.000 -0.357 1.357 0.000 0.000 0.000
-22.910 62918018.660 -11992802.821 0.017 0.038 12.203 0.306 -197.319 31.077 0.000 -43.408 0.000 8.250
0.000 0.059 0.000 -0.000 0.000 0.000 0.000 0.000 0.000 -0.000 0.000 -0.000 1.044
0.000 0.000 0.000 0.000 -0.000 0.000 -0.000 0.000 0.000 0.000 0.000 0.000 0.958
