-665531.374 43568.799 -0.000 0.000 0.004 0.000 0.372 0.002 0.000 -0.007 0.000 0.000 -0.007
-0.000 0.000 0.000 0.000 0.000 0.000 -0.000 0.000 -0.000 0.000 0.000 -0.000 0.000
0.000 -11.805 -0.000 -0.000 -0.000 0.000 0.000 -0.000 0.000 0.000 -0.000 0.000 0.000
-2.039 248521916.740 -1589359.279 0.030 19.374 -0.297 -341.519 -36.785 0.000 19.981 -0.038 -2.532 0.000
251.613 3267418925.648 -15976232.236 0.540 -213.930 -1.400 2493.358 134.976 0.000 74.553 0.575 52.105 0.000
0.000 0.000 -39390.478 0.001 -0.001 -0.008 21.743 2.480 0.000 -1.527 0.000 0.000 0.048
3.206 1038803360.406 2649638.608 -0.046 -0.012 -25.499 669.183 109.194 0.000 -82.279 0.010 0.000 1.672
0.004 -95124.830 1883.272 -0.000 0.000 0.043 0.000 -0.162 0.121 0.000 -0.000 -0.001 0.000
0.000 0.000 0.000 -0.000 0.000 0.000 0.000 0.000 3.800 -2.800 0.000 0.000 0.000
-0.000 0.000 0.000 0.000 0.000 -0.000 0.000 0.000 0.263 0.737 0.000 0.000 -0.000
0.000 0.000 0.000 0.000 0.000 0.000 0.000 0.000 -0.357 1.357 0.000 0.000 0.000
2.878 2363035985.806 -17820437.624 -0.092 0.077 16.769 0.150 -228.538 -55.885 0.000 39.506 0.000 1.573
0.000 0.000 0.000 -0.000 0.000 0.000 -0.000 0.000 0.000 0.000 0.000 -0.000 1.044
0.000 0.000 0.000 0.000 -0.000 0.000 0.000 -0.000 0.000 0.000 -0.000 0.000 0.958
