432558.177 172006.199 -0.000 0.000 -0.016 0.000 0.497 -0.043 0.000 0.056 0.000 -0.004 0.000
0.000 -0.004 -0.000 0.000 0.000 -0.000 -0.000 -0.000 0.000 0.000 -0.000 0.000 0.000
0.000 -2.893 -0.000 -0.000 -0.000 -0.000 0.000 -0.000 0.000 0.000 0.000 0.000 0.000
-108.852 -6631299258.161 -3654847.366 0.015 111.501 -6.848 -2033.918 -149.345 76.749 0.000 -0.399 -0.184 0.000
114.104 2607330189.926 -145774718.881 0.012 -166.949 1.901 1790.933 185.780 -34.588 0.000 0.358 0.000 73.141
-0.210 9643344.453 0.000 0.000 -0.001 -0.004 24.733 3.360 0.000 -2.437 0.001 0.000 0.041
2.926 -262319448.094 -6156673.587 -0.021 0.008 -4.945 301.970 92.252 -84.211 0.000 0.021 0.000 1.187
0.011 -267820.464 0.000 -0.000 0.000 0.037 0.000 -0.153 0.000 0.119 -0.000 -0.001 0.000
0.000 0.000 0.000 0.000 0.000 0.000 0.000 0.000 3.800 -2.800 0.000 0.000 0.000
0.000 0.000 0.000 0.000 0.000 0.000 0.000 0.000 0.263 0.737 -0.000 0.000 0.000
0.000 0.000 0.000 0.000 0.000 0.000 0.000 0.000 -0.357 1.357 0.000 0.000 0.000
29.534 -106507600.289 6385892.605 -0.019 0.022 13.911 0.316 -307.422 -13.491 0.000 0.000 6.356 0.000
0.000 0.000 0.006 0.000 0.000 0.000 0.000 0.000 -0.000 0.000 0.000 0.000 1.044
0.000 0.000 0.000 -0.000 0.000 0.000 0.000 0.000 -0.000 0.000 0.000 -0.000 0.958
