0.000 1.007 0.000 0.000 0.011 0.001 0.000 -0.108 0.096 0.000 -0.000 0.000 -0.006
0.000 1.000 -0.000 -0.000 -0.000 -0.000 0.000 0.000 0.000 0.000 0.000 0.000 -0.000
0.000 1.000 0.000 0.000 0.000 0.000 0.000 0.000 0.000 -0.000 -0.000 0.000 0.000
17.003 169.214 0.000 0.008 11.893 -0.869 -186.672 -39.255 31.115 0.000 -0.005 0.000 -2.451
255.527 -2602.683 0.000 0.058 -194.016 0.010 2307.093 162.236 0.000 23.699 0.476 49.660 0.000
0.160 -21.750 0.000 0.000 -0.001 -0.006 21.570 0.000 10.949 -10.001 0.001 0.083 0.000
12.628 0.000 -459.758 -0.062 0.000 -11.630 444.154 88.960 0.000 -75.000 0.012 1.460 0.000
0.000 1.001 0.000 -0.000 0.000 0.041 0.000 -0.160 0.000 0.120 -0.000 0.000 -0.003
-0.000 0.000 0.000 0.000 0.000 0.000 0.000 0.000 3.800 -2.800 0.000 0.000 0.000
0.000 0.000 0.000 0.000 0.000 0.000 -0.000 0.000 0.263 0.737 -0.000 0.000 0.000
0.000 -0.000 0.000 0.000 -0.000 0.000 0.000 0.000 -0.357 1.357 0.000 0.000 0.000
-60.497 0.000 687.867 -0.007 0.079 34.004 0.201 -622.928 -67.096 0.000 34.204 -6.246 0.000
0.000 -0.044 0.000 0.000 0.000 0.000 0.000 0.000 0.000 0.000 0.000 0.000 1.044
0.000 0.042 0.000 0.000 -0.000 0.000 0.000 0.000 0.000 0.000 -0.000 0.000 0.958
