0.000 0.717 0.000 0.000 0.000 0.001 0.288 -0.002 0.000 0.000 -0.000 0.000 -0.002
0.000 1.000 0.000 -0.000 -0.000 -0.000 0.000 0.000 0.000 0.000 0.000 0.000 0.000
0.000 1.000 -0.000 0.000 0.000 0.000 0.000 -0.000 0.000 0.000 -0.000 0.000 0.000
10.334 153.040 0.000 0.020 10.510 -0.208 -161.566 -14.628 0.000 5.587 -0.001 -2.163 0.000
284.327 0.000 -2202.848 0.766 -186.225 0.070 1861.767 -14.697 189.375 0.000 0.391 0.000 63.020
-0.088 0.000 -22.548 0.001 -0.000 -0.007 22.647 0.000 9.588 -8.642 0.001 0.047 0.000
12.999 -739.712 0.000 -0.069 0.001 -24.252 724.662 115.262 0.000 -89.596 0.019 1.573 0.000
0.009 0.991 0.000 -0.000 0.000 0.041 0.000 0.000 -0.478 0.439 -0.000 0.000 -0.001
0.000 -0.000 0.000 0.000 0.000 0.000 0.000 0.000 3.800 -2.800 0.000 0.000 0.000
0.000 0.000 0.000 0.000 0.000 0.000 -0.000 0.000 0.263 0.737 -0.000 0.000 0.000
0.000 0.000 0.000 -0.000 0.000 0.000 0.000 -0.000 -0.357 1.357 0.000 0.000 0.000
-22.858 612.126 0.000 -0.004 0.048 30.698 0.261 -596.608 0.000 -169.340 140.586 0.000 6.384
0.000 -0.044 0.000 0.000 0.000 0.000 0.000 0.000 0.000 0.000 0.000 0.000 1.044
0.000 0.042 0.000 0.000 -0.000 0.000 0.000 0.000 -0.000 0.000 0.000 0.000 0.958
