0.986 0.000 -0.000 0.000 0.000 -0.000 0.013 -0.020 0.000 0.020 0.000 0.001 0.000
0.000 1.000 -0.000 0.000 -0.000 0.000 0.000 0.000 0.000 0.000 -0.000 0.000 0.000
0.000 1.000 0.000 -0.000 0.000 0.000 0.000 0.000 0.000 -0.000 0.000 0.000 0.000
-731.507 0.000 1671.810 0.003 76.860 -10.195 -973.756 -242.107 0.000 206.298 -0.497 0.000 -3.785
787.195 -2790.274 0.000 0.003 -164.678 -0.291 1983.232 0.000 -721.200 878.511 0.903 25.456 0.000
0.000 0.000 -28.005 0.000 -0.001 0.001 28.106 4.868 0.000 -3.980 0.000 0.000 0.006
0.000 -98.592 0.000 -0.014 -0.000 0.647 95.589 0.000 87.898 -84.693 -0.013 0.240 0.000
0.000 0.000 0.997 -0.000 0.000 0.033 0.000 -0.190 0.000 0.160 0.000 0.000 0.000
0.000 0.000 0.000 -0.000 -0.000 0.000 0.000 -0.000 3.800 -2.800 0.000 0.000 0.000
0.000 0.000 0.000 0.000 0.000 -0.000 -0.000 0.000 0.263 0.737 0.000 -0.000 0.000
0.000 0.000 0.000 0.000 -0.000 0.000 0.000 0.000 -0.357 1.357 0.000 0.000 -0.000
88.200 -174.371 0.000 -0.024 0.049 5.896 -0.450 81.409 53.928 0.000 -57.526 3.980 0.000
0.000 -0.044 0.000 0.000 0.000 0.000 0.000 0.000 0.000 0.000 -0.000 0.000 1.044
0.000 0.042 0.000 0.000 0.000 0.000 0.000 0.000 0.000 0.000 0.000 0.000 0.958
