0.000 1.011 0.002 0.000 0.026 -0.002 0.000 0.051 -0.068 0.000 0.001 0.000 -0.021
0.000 1.000 0.000 0.000 0.000 0.000 0.000 0.000 0.000 0.000 -0.000 0.000 0.000
0.000 1.000 0.000 0.000 0.000 -0.000 0.000 -0.000 0.000 0.000 0.000 -0.000 0.000
8.113 0.000 0.000 0.003 1.870 -0.404 -9.027 -16.560 0.000 16.408 0.013 0.426 0.000
183.427 0.000 -1507.211 0.000 -119.646 -9.775 1213.207 0.000 0.000 152.694 1.266 82.607 0.000
0.232 0.000 -20.284 0.001 -0.000 0.002 20.083 1.566 0.000 -0.643 -0.001 0.050 0.000
-2.751 0.000 0.000 -0.152 -0.009 3.588 0.000 18.181 -17.872 0.000 0.095 -0.542 0.000
0.000 0.000 0.999 -0.000 0.000 0.047 0.000 -0.105 0.061 0.000 0.000 0.000 -0.002
-0.000 0.000 0.000 0.000 0.000 0.000 0.000 0.000 3.800 -2.800 0.000 0.000 0.000
0.000 0.000 0.000 0.000 0.000 0.000 -0.000 0.000 0.263 0.737 -0.000 0.000 0.000
0.000 -0.000 0.000 0.000 0.000 0.000 0.000 0.000 -0.357 1.357 0.000 0.000 0.000
80.161 0.000 -170.832 -0.338 0.019 0.000 0.000 89.979 0.000 0.000 0.000 0.000 1.210
0.000 0.000 -0.044 0.000 0.000 -0.000 0.000 0.000 0.000 0.000 0.000 0.000 1.044
0.000 0.042 0.000 0.000 -0.000 0.000 0.000 0.000 0.000 0.000 0.000 0.000 0.958
