0.000 1.002 0.000 0.000 -0.000 0.001 0.000 0.015 0.000 -0.016 0.000 0.000 -0.000
0.000 1.000 0.000 0.000 0.000 -0.000 0.000 0.000 0.000 0.000 0.000 0.000 0.000
0.000 1.000 0.000 -0.000 0.000 0.000 0.000 0.000 0.000 -0.000 -0.000 0.000 0.000
0.000 0.000 0.000 0.007 2.390 -0.347 0.000 0.000 0.000 1.275 0.059 -156.294 156.295
0.000 2599.489 0.000 0.000 0.000 0.499 -2606.725 0.000 0.000 0.000 1.727 0.000 0.000
0.000 0.000 -25.997 0.000 -0.000 -0.012 26.049 4.704 -3.748 0.000 0.001 0.000 0.004
105.392 -110.279 0.000 -0.064 -0.002 4.247 0.000 0.000 0.000 0.000 0.089 1.678 0.000
0.000 0.998 0.000 -0.000 0.000 0.036 0.001 0.000 -0.576 0.541 -0.000 -0.000 0.000
0.000 0.000 -0.000 0.000 0.000 0.000 0.000 0.000 3.800 -2.800 0.000 0.000 0.000
0.000 0.000 0.000 0.000 0.000 0.000 -0.000 0.000 0.263 0.737 0.000 0.000 0.000
0.000 -0.000 0.000 0.000 0.000 0.000 0.000 0.000 -0.357 1.357 -0.000 0.000 0.000
0.000 365.893 0.000 0.058 0.072 21.750 0.699 -371.243 0.000 -24.816 0.000 6.291 0.000
0.000 -0.044 0.000 -0.000 -0.000 0.000 0.000 0.000 0.000 0.000 0.000 -0.000 1.044
0.000 0.042 0.000 0.000 0.000 0.000 0.000 0.000 -0.000 0.000 0.000 0.000 0.958
