0.000 1.012 -0.000 0.000 0.034 0.001 0.000 -0.035 -0.001 0.000 -0.000 0.000 -0.009
0.000 1.000 0.000 0.000 0.000 -0.000 0.000 0.000 0.000 0.000 0.000 -0.000 0.000
0.000 1.000 -0.000 0.000 0.000 0.000 0.000 0.000 -0.000 0.000 -0.000 0.000 -0.000
-1.605 324.740 0.000 0.031 19.770 -0.325 -321.383 -32.194 0.000 14.823 -0.039 -3.199 0.000
230.567 -2696.974 0.000 0.452 -210.883 -1.028 2422.624 0.000 702.253 -497.060 0.349 49.564 0.000
0.065 -20.614 0.000 0.001 -0.001 -0.009 20.544 2.079 0.000 -1.117 0.000 0.050 0.000
9.531 -829.206 0.000 -0.049 -0.011 -32.304 817.730 120.056 0.000 -86.762 0.009 1.761 0.000
0.001 0.998 0.000 -0.000 0.000 0.045 0.001 -0.148 0.105 0.000 -0.000 -0.002 0.000
0.000 -0.000 0.000 0.000 -0.000 0.000 0.000 0.000 3.800 -2.800 0.000 0.000 0.000
0.000 0.000 0.000 0.000 0.000 0.000 -0.000 0.000 0.263 0.737 0.000 0.000 -0.000
0.000 0.000 0.000 0.000 0.000 0.000 0.000 -0.000 -0.357 1.357 0.000 0.000 0.000
-37.522 374.954 0.000 -0.103 0.064 22.691 0.149 -341.417 -43.405 21.155 0.000 0.000 3.324
0.000 -0.044 0.000 0.000 0.000 0.000 0.000 0.000 0.000 -0.000 0.000 -0.000 1.044
0.000 0.042 0.000 0.000 -0.000 0.000 0.000 0.000 0.000 0.000 0.000 0.000 0.958
