0.000 1.003 0.000 0.000 0.006 0.002 0.000 0.115 0.000 -0.131 0.000 0.000 0.004
0.000 1.000 -0.000 0.000 0.000 -0.000 0.000 0.000 0.000 0.000 -0.000 0.000 -0.000
0.000 1.000 0.000 -0.000 0.000 0.000 0.000 0.000 0.000 0.000 0.000 0.000 0.000
98.824 1631.057 0.000 0.079 98.419 -5.008 -1751.916 -166.621 0.000 89.503 -0.411 0.000 -1.401
276.255 -1895.155 0.000 0.071 -158.654 0.931 1596.741 0.000 88.896 60.312 0.435 31.732 0.000
-0.740 0.000 -25.433 0.000 -0.001 -0.006 26.203 0.000 15.197 -14.268 0.000 0.000 0.050
23.281 -350.914 0.000 -0.019 0.004 -6.478 321.851 74.234 0.000 -64.874 0.020 3.891 0.000
0.032 0.968 0.000 -0.000 0.000 0.035 0.000 -0.174 0.000 0.141 -0.000 -0.002 0.000
0.000 0.000 0.000 -0.000 0.000 0.000 0.000 0.000 3.800 -2.800 0.000 0.000 -0.000
0.000 0.000 0.000 0.000 -0.000 0.000 -0.000 0.000 0.263 0.737 -0.000 0.000 0.000
0.000 0.000 0.000 0.000 0.000 0.000 0.000 0.000 -0.357 1.357 0.000 -0.000 0.000
13.402 0.000 0.000 -0.025 0.029 5.090 0.324 -18.536 38.565 0.000 -44.677 0.000 6.425
0.000 0.000 -0.044 0.000 -0.000 0.000 0.000 0.000 0.000 0.000 0.000 -0.000 1.044
0.000 0.000 0.042 -0.000 0.000 0.000 0.000 0.000 0.000 -0.000 0.000 0.000 0.958
