0.000 1.000 -0.000 0.000 0.005 0.000 0.000 -0.224 0.219 0.000 0.000 0.000 -0.001
0.000 1.000 -0.000 0.000 0.000 -0.000 0.000 0.000 0.000 0.000 0.000 -0.000 0.000
0.000 1.000 0.000 -0.000 0.000 0.000 0.000 -0.000 0.000 0.000 -0.000 0.000 0.000
-8.761 0.000 326.348 0.013 17.760 -0.787 -316.720 -24.959 0.000 11.790 0.000 0.000 -3.780
6.407 0.000 -2498.514 0.121 -193.293 -0.416 2439.330 86.392 93.796 0.000 0.628 60.084 0.000
-0.145 0.000 -23.629 0.001 -0.001 -0.007 23.770 3.193 0.000 -2.255 0.001 0.000 0.067
-1.678 -537.431 0.000 -0.053 -0.003 -15.097 536.764 112.850 0.000 -95.514 0.050 1.241 0.000
0.000 0.000 0.999 -0.000 0.000 0.039 0.000 0.000 -0.591 0.554 -0.000 0.000 -0.002
0.000 0.000 -0.000 -0.000 0.000 0.000 0.000 0.000 3.800 -2.800 0.000 0.000 0.000
0.000 0.000 0.000 0.000 0.000 0.000 -0.000 0.000 0.263 0.737 0.000 0.000 0.000
0.000 0.000 -0.000 -0.000 -0.000 0.000 0.000 0.000 -0.357 1.357 0.000 0.000 0.000
45.966 180.228 0.000 0.000 0.050 13.010 0.543 -224.276 -16.290 0.000 1.924 0.000 -0.951
0.000 -0.044 0.000 -0.000 0.000 0.000 0.000 0.000 0.000 0.000 0.000 -0.000 1.044
0.000 0.042 0.000 0.000 -0.000 0.000 0.000 0.000 -0.000 0.000 0.000 0.000 0.958
