
Winter normal

Euclideo

Perfect [[8856, 0, 0], [0, 15538, 0], [0, 0, 6401]]
Train [[3697, 3312, 0], [5159, 8192, 0], [0, 4034, 6401]]

Clusters purity: 64.82268907120073
Clusters purity 2: 59.39275856470206
Rand index:0.6352625441601505
Information criterion: 0.2929140933356791
Tries: 49
Steps: 25
Time: 61149.55567407608


0.000 -6.884 0.002 0.000 -0.374 -0.001 7.909 0.652 0.000 -0.301 0.000 -0.001 0.000
0.000 1.000 0.000 0.000 0.000 0.000 -0.000 -0.000 0.000 0.000 0.000 -0.000 0.000
0.000 1.000 0.000 0.000 -0.000 0.000 0.000 0.000 0.000 -0.000 0.000 0.000 0.000
9.024 0.000 124.631 0.008 7.786 -0.055 -133.385 -29.224 22.213 0.000 -0.003 0.000 0.000
125.897 -4183.464 0.000 3.504 -350.538 -1.441 3969.090 -95.110 0.000 434.612 0.000 0.000 95.098
-0.353 -18.375 0.000 0.001 -0.000 -0.002 18.764 0.000 5.230 -4.291 0.000 0.026 0.000
-11.987 -451.735 0.000 -0.128 -0.007 -23.701 463.227 41.484 -15.309 0.000 0.000 -1.173 0.000
0.021 0.000 0.977 -0.000 0.000 0.052 0.000 -0.078 0.000 0.029 -0.000 0.000 -0.001
0.000 0.000 0.000 0.000 0.000 0.000 0.000 0.000 3.800 -2.800 0.000 0.000 0.000
0.000 0.000 0.000 0.000 0.000 0.000 0.000 0.000 0.263 0.737 0.000 0.000 0.000
-0.000 0.000 0.000 0.000 0.000 0.000 0.000 0.000 -0.357 1.357 0.000 0.000 -0.000
0.000 361.300 0.000 -0.107 0.001 20.946 0.000 -363.328 -18.344 0.000 0.000 0.000 0.738
0.000 0.000 -0.044 0.000 0.000 0.000 0.000 0.000 0.000 0.000 0.000 0.000 1.044
0.000 0.000 0.042 -0.000 0.000 0.000 0.000 0.000 0.000 0.000 0.000 0.000 0.958

3.224 0.000 0.009 0.001 0.202 0.002 -2.189 -0.387 0.000 0.193 -0.001 0.000 -0.047
0.000 1.000 0.000 0.000 0.000 0.000 0.000 0.000 0.000 0.000 0.000 0.000 0.000
0.000 1.000 0.000 0.000 0.000 0.000 0.000 0.000 0.000 0.000 0.000 0.000 0.000
1.347 0.000 40.580 0.004 2.320 -0.010 -40.821 -7.823 5.671 0.000 -0.003 -0.318 0.000
250.308 28538.335 -28956.532 6.897 -77.437 -0.111 114.842 135.929 0.000 -59.945 0.426 0.000 47.517
0.107 -18.655 0.000 0.008 -0.000 -0.005 18.580 0.000 5.294 -4.337 0.000 0.011 0.000
8.932 0.000 0.000 -0.290 -0.002 -44.100 903.645 98.121 -53.116 0.000 0.006 20808.614 -21720.995
-0.003 0.000 1.001 -0.000 0.000 0.051 0.000 -0.085 0.000 0.036 -0.000 -0.001 0.000
-0.030 0.000 4.463 -0.003 0.000 0.194 0.001 -4.437 0.816 0.000 -0.000 -0.006 0.000
0.000 0.000 0.000 0.000 0.000 0.000 -0.000 -0.000 0.263 0.737 -0.000 0.000 0.000
0.000 0.000 -0.000 0.000 0.000 -0.000 0.000 0.000 -0.357 1.357 0.000 -0.000 0.000
-37.792 643.032 0.000 -0.979 0.075 37.503 0.055 -600.685 0.000 -155.092 118.461 -5.855 0.000
0.000 0.000 -0.044 -0.000 0.000 0.000 0.000 0.000 0.000 0.000 0.000 0.000 1.044
0.000 0.042 0.000 0.000 0.000 0.000 0.000 0.000 0.000 0.000 0.000 0.000 0.958

0.000 4.307 0.011 0.001 0.212 0.001 -3.321 -0.311 0.106 0.000 0.000 -0.005 0.000
-0.000 1.000 0.000 0.000 0.000 0.000 0.000 0.000 0.000 0.000 0.000 0.000 0.000
0.000 1.000 0.000 0.000 0.000 0.000 0.000 0.000 0.000 0.000 0.000 0.000 0.000
2.185 -16.514 0.000 0.003 -0.494 -0.002 15.514 4.066 -3.677 0.000 -0.002 0.000 -0.156
198.410 0.000 -1240.863 5.223 -107.795 -1.446 1027.066 -84.672 0.000 190.370 -0.239 0.000 6.661
0.171 -16.668 0.000 -0.002 -0.000 -0.005 16.534 0.000 2.678 -1.719 -0.000 0.006 0.000
10.077 0.000 -909.728 -0.092 -0.030 -48.526 903.229 83.859 -35.219 0.000 0.019 -4.015 0.000
-0.009 1.007 0.000 0.000 0.000 0.058 0.000 -0.057 0.000 0.001 0.000 0.000 -0.001
0.000 -0.000 0.000 0.000 0.000 0.000 0.000 0.000 3.800 -2.800 0.000 0.000 0.000
0.000 0.000 0.000 0.000 0.000 0.000 0.000 0.000 0.263 0.737 0.000 0.000 0.000
0.000 0.000 0.000 -0.000 -0.000 0.000 0.000 0.000 -0.357 1.357 0.000 0.000 0.000
0.000 0.000 -706.105 -1.531 -0.109 -43.380 0.407 707.737 79.857 -40.970 0.000 0.000 4.127
0.000 0.000 -0.044 0.000 0.000 0.000 0.000 0.000 0.000 0.000 0.000 0.000 1.044
0.000 0.000 0.042 0.000 0.000 0.000 0.000 0.000 0.000 0.000 0.000 0.000 0.958

Real

: err true-train.  = ( 5159 7346 0 ) (12505);  59.4 % 
: err true-test.  = ( 617 411 0 ) (1028);  96.7 % 
: err train-test.  = ( 4554 7016 0 ) (11570);  62.4 % 

5:-4259920.278506653
12:-843543.9839530996
7:-543184.8951712687
4:-1458.1806021118814
1:-33.00003157855547
6:-5.99797533999176
9:-1.0974866374661791
8:-0.021067966713566477
13:-3.903572576291481e-09
3:-3.4793359304785554e-09
14:-3.228748823858041e-09
2:-2.5378028567502042e-09
11:0.0006270708799355996
10:0.0012800960799113467

Train

: err true-train.  = ( 3312 5159 4034 ) (12505);  59.4 % 
: err true-test.  = ( 3320 5256 3770 ) (12346);  59.9 % 
: err train-test.  = ( 8 169 264 ) (441);  98.6 % 

5:-3569618.5453094104
12:-814626.4057875678
7:-22689.046941418084
4:-1868.2668225284267
1:-6.907883005243939
6:-3.480789514796686
9:-0.11737640143209507
8:-0.010720692105920193
10:-7.85848751523599e-11
14:3.2441462849419622e-09
13:3.2790978821140015e-09
3:6.516372295095607e-07
2:2.0481959239759817e-06
11:0.0005562078293791695

Total

Perfect [[0, 15538, 0], [8856, 0, 0], [0, 0, 6401]]
Train [[0, 8836, 2822], [4107, 3612, 0], [4749, 3090, 3579]]

Clusters purity: 52.289011884841464
Clusters purity 2: 57.45088488390972
Rand index:0.6151351612187617
Information criterion: 0.3412504005605401
Tries: 49
Steps: 25
Time: 41368.31470012665

0.000 1.011 0.005 0.001 0.043 0.001 0.000 -0.272 0.223 0.000 -0.000 -0.015 0.000
0.000 1.000 0.000 0.000 0.000 -0.000 0.000 0.000 0.000 0.000 0.000 0.000 0.000
0.000 1.000 0.000 -0.000 0.000 0.000 0.000 -0.000 0.000 0.000 -0.000 0.000 0.000
0.876 -15.308 0.000 0.002 -0.589 -0.007 15.670 1.950 0.000 -1.446 -0.001 0.000 -0.232
222.193 0.000 0.000 4.007 -82.949 -1.152 799.265 190.007 -109.698 0.000 0.015 23931.165 -24958.434
0.130 -17.404 0.000 -0.002 -0.000 -0.006 17.306 0.973 0.000 -0.013 -0.000 0.000 0.012
9.942 0.000 -1006.512 -0.184 -0.018 -51.608 998.409 105.862 -54.330 0.000 0.019 -1.666 0.000
-0.006 1.005 0.000 0.000 0.000 0.055 0.000 -0.072 0.019 0.000 0.000 0.000 -0.001
0.000 0.000 0.000 0.000 0.000 0.000 0.000 0.000 3.800 -2.800 0.000 -0.000 0.000
0.000 0.000 0.000 0.000 0.000 0.000 -0.000 0.000 0.263 0.737 0.000 0.000 0.000
0.000 0.000 -0.000 0.000 0.000 0.000 0.000 0.000 -0.357 1.357 0.000 0.000 0.000
-18.621 0.000 -341.919 -0.465 0.003 -10.768 0.254 360.423 55.962 -46.488 0.000 3.426 0.000
0.000 0.000 -0.044 0.000 -0.000 0.000 0.000 0.000 0.000 0.000 -0.000 0.000 1.044
0.000 0.042 0.000 0.000 0.000 0.000 0.000 0.000 0.000 0.000 0.000 0.000 0.958

0.000 1.006 0.001 0.000 0.036 -0.000 0.000 0.002 0.000 -0.035 0.000 0.000 -0.010
0.000 1.000 -0.000 0.000 -0.000 0.000 0.000 0.000 0.000 0.000 0.000 0.000 0.000
0.000 1.000 0.000 -0.000 0.000 0.000 0.000 0.000 -0.000 0.000 -0.000 0.000 0.000
6.342 27.603 0.000 0.007 2.515 -0.009 -33.254 -14.007 0.000 11.713 -0.002 0.000 0.109
155.161 0.000 -1845.813 3.778 -209.358 -1.590 1604.820 -239.122 0.000 445.715 0.150 82.763 0.000
-0.325 0.000 -18.582 0.001 -0.000 -0.004 18.944 0.000 5.189 -4.243 -0.000 0.020 0.000
-24.813 -926.679 0.000 -0.032 -0.010 -48.161 952.161 89.555 0.000 -40.708 0.037 -0.582 0.000
0.019 0.000 0.978 -0.000 0.000 0.052 0.000 -0.077 0.000 0.029 0.000 0.000 -0.001
-0.000 -0.000 0.000 0.000 -0.000 0.000 0.000 0.000 3.800 -2.800 0.000 0.000 -0.000
0.000 0.000 0.000 0.000 0.000 0.000 -0.000 0.000 0.263 0.737 0.000 0.000 0.000
0.000 -0.000 0.000 0.000 -0.000 0.000 0.000 0.000 -0.357 1.357 0.000 0.000 -0.000
-4.528 -255.733 0.000 -0.065 0.012 -10.680 0.442 261.164 47.983 -38.826 0.000 1.632 0.000
0.000 0.000 -0.044 0.000 0.000 0.000 0.000 0.000 0.000 0.000 0.000 0.000 1.044
0.000 0.000 0.042 0.000 -0.000 -0.000 0.000 0.000 0.000 0.000 0.000 0.000 0.958

0.000 0.993 0.020 0.001 0.082 -0.004 0.000 -0.363 0.300 0.000 -0.000 0.000 -0.028
0.000 1.000 0.000 0.000 0.000 -0.000 0.000 0.000 0.000 0.000 0.000 -0.000 0.000
0.000 1.000 -0.000 -0.000 0.000 0.000 0.000 -0.000 0.000 0.000 -0.000 0.000 0.000
2.071 32.411 0.000 0.003 1.924 -0.006 -33.451 -6.647 4.868 0.000 -0.001 0.000 -0.196
179.851 -680.159 0.000 5.923 -107.761 -0.132 456.690 107.251 0.000 0.000 0.047 40.413 0.000
0.260 -17.867 0.000 0.011 -0.000 -0.005 17.633 1.079 0.000 -0.124 0.000 0.009 0.000
-8.632 0.000 -637.068 -0.219 -0.002 -32.002 646.341 0.000 212.112 -178.039 0.018 -1.441 0.000
-0.012 0.000 1.010 -0.001 0.000 0.053 0.000 -0.076 0.000 0.025 -0.000 0.000 -0.000
0.000 0.000 0.000 0.000 0.000 0.000 0.000 0.000 3.800 -2.800 0.000 0.000 -0.000
0.000 0.000 0.000 0.000 0.000 0.000 0.000 0.000 0.263 0.737 0.000 0.000 0.000
0.000 -0.000 0.000 -0.000 0.000 0.000 0.000 0.000 -0.357 1.357 0.000 -0.000 0.000
-14.344 306.840 0.000 -0.613 0.015 14.764 0.357 -287.433 19.106 0.000 -35.140 0.000 -4.308
0.000 -0.044 0.000 0.000 0.000 0.000 0.000 0.000 0.000 0.000 0.000 0.000 1.044
0.000 0.042 0.000 0.000 -0.000 0.000 0.000 0.000 0.000 0.000 -0.000 -0.000 0.958


Real

: err true-train.  = ( 6702 4749 2822 ) (14273);  53.7 % 
: err true-test.  = ( 607 164 0 ) (771);  97.5 % 
: err train-test.  = ( 7011 4749 2822 ) (14582);  52.6 % 

5:-29479456.642284617
7:-11222521.681848925
12:-9684402.804772165
4:-377544.7511086501
1:-77536.24443470867
6:-30958.994482021153
8:-1234.7563477705994
9:-0.13816158790510952
2:-0.07941783353603821
3:-0.06403772764955701
11:-0.05282495893131625
10:-0.036063146360249196
13:-0.003879162753871887
14:-0.0030154241798665752

Train

: err true-train.  = ( 2822 3612 7839 ) (14273);  53.7 % 
: err true-test.  = ( 2967 3627 7720 ) (14314);  53.5 % 
: err train-test.  = ( 197 35 231 ) (463);  98.5 % 

5:-24452748.795375798
12:-14990946.376363665
7:-2062390.7000361523
4:-344998.0318251284
1:-34300.525820303104
6:-16338.567764789344
8:-992.6357825591904
3:-0.05879696313746501
2:-0.0578337007599315
9:-0.04276051192547606
11:-0.011414802620946563
10:-0.009643874947724028
13:-0.001983144243047457
14:-0.0017590455473542477

Winter reducido

Euclideo

Perfect [[0, 0, 6401], [0, 6469, 0], [8856, 0, 0]]
Train [[0, 776, 6401], [5169, 4576, 0], [3687, 1117, 0]]

Clusters purity: 66.66666666666666
Clusters purity 2: 70.22461566786339
Rand index:0.7401419224069796
Information criterion: 0.23686288657135468
Tries: 49
Steps: 25
Time: 38132.19276070595


0.000 0.834 0.027 0.000 0.000 0.000 0.128 0.226 0.000 -0.224 0.000 0.012 0.000
0.000 1.000 0.000 0.000 0.000 0.000 -0.000 0.000 0.000 0.000 0.000 0.000 0.000
0.000 1.000 0.000 0.000 0.000 0.000 0.000 0.000 0.000 0.000 0.000 0.000 0.000
4.637 1.292 0.000 0.000 0.599 -0.028 -5.087 -1.836 1.298 0.000 -0.001 0.000 0.000
138.402 0.000 0.000 0.000 -57.522 -0.261 0.000 -450.374 507.180 0.000 -0.177 3503.127 -3644.206
0.000 -15.299 0.000 0.002 -0.000 -0.004 15.337 0.000 1.311 -0.348 0.000 0.000 -0.000
0.000 0.000 0.000 -1.379 -0.006 -54.112 895.886 42.548 11.906 0.000 -0.017 20382.013 -21277.101
0.000 0.000 0.997 -0.000 0.000 0.063 0.000 0.000 -0.144 0.083 -0.000 0.000 0.000
-0.000 0.000 0.000 0.000 0.000 0.000 0.000 0.000 3.800 -2.800 0.000 0.000 -0.000
0.000 0.000 0.000 0.000 0.000 0.000 -0.000 0.000 0.263 0.737 0.000 0.000 0.000
0.000 0.000 0.000 0.000 0.000 0.000 0.000 -0.000 -0.357 1.357 0.000 0.000 0.000
15.381 0.000 0.000 -1.940 -0.156 30.151 -0.633 -412.687 -54.772 0.000 26.599 -8713.082 9107.703
0.000 -0.044 0.000 0.000 0.000 -0.000 0.000 0.000 0.000 0.000 0.000 0.000 1.044
-0.000 0.000 0.042 0.000 0.000 -0.000 0.000 0.000 0.000 -0.000 0.000 0.000 0.958

3.058 0.000 0.006 0.001 0.167 0.003 -2.023 -0.315 0.000 0.152 -0.001 0.000 -0.041
0.000 1.000 0.000 0.000 0.000 0.000 0.000 0.000 0.000 0.000 0.000 0.000 0.000
0.000 1.000 0.000 0.000 0.000 0.000 0.000 0.000 0.000 0.000 0.000 0.000 0.000
1.337 36.188 0.000 0.004 2.195 -0.005 -36.334 -4.145 0.000 2.078 -0.008 0.000 -0.366
275.985 0.000 0.000 6.462 -132.474 -0.206 1148.944 117.393 0.000 10.362 0.680 33731.466 -35158.416
0.115 -18.978 0.000 0.006 -0.000 -0.005 18.892 0.000 5.676 -4.722 0.001 0.018 0.000
14.131 0.000 0.000 -0.117 -0.003 -39.384 844.021 0.000 331.818 -291.379 0.018 19581.479 -20439.806
-0.004 0.000 1.002 -0.000 0.000 0.051 0.000 -0.089 0.000 0.040 -0.000 0.000 -0.001
-0.000 0.000 0.000 0.000 0.000 0.000 0.000 0.000 3.800 -2.800 0.000 -0.000 0.000
0.000 0.000 0.000 0.000 0.000 0.000 0.000 0.000 0.263 0.737 0.000 -0.000 0.000
0.000 0.000 -0.000 0.000 0.000 0.000 0.000 0.000 -0.357 1.357 0.000 0.000 0.000
-33.800 53940.058 -52977.959 -1.472 0.087 51.205 0.149 -922.377 0.000 -258.504 208.660 -7.648 0.000
0.000 0.000 -0.044 0.000 0.000 0.000 0.000 -0.000 -0.000 0.000 0.000 0.000 1.044
0.000 0.042 0.000 0.000 0.000 -0.000 0.000 0.000 0.000 0.000 0.000 0.000 0.958

0.000 -1.885 0.001 0.000 -0.133 -0.000 2.903 0.246 -0.122 0.000 -0.000 0.000 -0.010
0.000 1.000 0.000 0.000 0.000 0.000 -0.000 -0.000 0.000 0.000 0.000 0.000 -0.000
-0.000 1.000 0.000 0.000 -0.000 0.000 0.000 0.000 0.000 -0.000 0.000 0.000 0.000
12.873 0.000 177.049 0.009 11.225 -0.053 -189.864 -38.732 28.564 0.000 -0.014 0.000 0.000
347.684 0.000 -4456.399 2.717 -354.079 -1.543 4014.445 -46.379 0.000 388.740 0.667 0.000 102.104
-0.274 0.000 0.000 0.001 -0.000 -0.002 18.344 0.000 4.719 -3.775 0.000 411.775 -429.787
-12.130 0.000 -808.712 -0.093 -0.009 -42.411 820.733 66.117 0.000 -22.305 -0.032 0.000 -0.255
0.017 0.000 0.980 -0.000 0.000 0.053 0.000 -0.079 0.029 0.000 -0.000 -0.001 0.000
0.000 0.000 0.000 0.000 0.000 0.000 0.000 0.000 3.800 -2.800 0.000 0.000 0.000
0.000 0.000 0.000 0.000 0.000 -0.000 0.000 0.000 0.263 0.737 0.000 0.000 0.000
0.000 0.000 0.000 0.000 0.000 0.000 0.000 0.000 -0.357 1.357 0.000 0.000 0.000
-39.122 0.000 580.604 -0.213 0.034 38.052 -0.277 -540.106 -23.261 0.000 -10.390 0.000 -4.300
0.000 0.000 -0.044 0.000 0.000 0.000 0.000 0.000 0.000 0.000 0.000 0.000 1.044
0.000 0.042 0.000 0.000 0.000 0.000 0.000 0.000 0.000 0.000 0.000 -0.000 0.958

Real

: err true-train.  = ( 0 1893 5169 ) (7062);  67.5 % 
: err true-test.  = ( 0 425 435 ) (860);  96.0 % 
: err train-test.  = ( 0 1820 4734 ) (6554);  69.8 % 

5:-3459900.7112215087
12:-671893.1416620408
7:-439456.9171967585
4:-1224.8403402308932
1:-27.52505328742967
6:-4.2403959032523675
11:-0.015933540479965102
10:-0.015444928499875799
8:-0.015294007386657427
3:-6.229718962913466e-09
13:-4.225903182941693e-09
14:-3.4147973337894655e-09
2:3.743112792164993e-06
9:0.01417090403372923

Train

: err true-train.  = ( 776 5169 1117 ) (7062);  67.5 % 
: err true-test.  = ( 775 5173 1117 ) (7065);  67.5 % 
: err train-test.  = ( 1 4 0 ) (5);  100.0 % 

5:-4420289.8915414065
12:-756966.7184639603
7:-40012.26014499488
4:-2634.5799650654153
1:-4.747484838308139
6:-2.988592975621782
8:-0.009988824015586317
13:-1.710945696231647e-08
2:-4.985366786058876e-09
14:-1.8397585677121242e-09
3:-9.080309837372624e-10
9:-4.111574058648926e-11
10:-7.0872485397749374e-12
11:1.7692626118510912e-10

Total

Perfect [[8856, 0, 0], [0, 0, 6401], [0, 6469, 0]]
Train [[3747, 1741, 0], [2408, 1078, 3597], [2701, 3650, 2804]]

Clusters purity: 51.642527637619025
Clusters purity 2: 50.60296419037098
Rand index:0.5880277124437245
Information criterion: 0.41013639626259507
Tries: 49
Steps: 25
Time: 27764.94352698326

0.000 0.000 0.001 0.000 0.005 -0.001 1.019 0.173 0.000 -0.177 -0.000 0.000 -0.019
0.000 1.000 -0.000 0.000 -0.000 0.000 0.000 0.000 0.000 0.000 -0.000 0.000 0.000
0.000 1.000 0.000 -0.000 0.000 0.000 0.000 0.000 0.000 -0.000 0.000 0.000 0.000
6.685 80.360 0.000 0.009 5.095 -0.007 -86.611 -30.070 25.419 0.000 -0.009 0.000 0.163
174.280 -2290.059 0.000 2.735 -231.236 -2.131 2019.996 -163.810 0.000 393.325 0.223 0.000 93.935
-0.244 -18.038 0.000 0.001 -0.000 -0.004 18.315 0.000 4.636 -3.688 0.000 0.021 0.000
-21.367 0.000 -1054.736 -0.017 -0.015 -57.864 1076.212 101.219 -43.006 0.000 -0.026 0.423 0.000
0.015 0.000 0.982 -0.000 0.000 0.053 0.000 -0.079 0.029 0.000 -0.000 0.000 -0.001
0.000 -0.000 0.000 0.000 -0.000 0.000 0.000 0.000 3.800 -2.800 0.000 0.000 -0.000
0.000 0.000 0.000 0.000 -0.000 0.000 -0.000 0.000 0.263 0.737 0.000 0.000 0.000
0.000 0.000 0.000 0.000 0.000 0.000 0.000 0.000 -0.357 1.357 0.000 0.000 -0.000
-5.173 0.000 417.534 -0.245 0.019 28.650 -0.304 -413.236 -21.802 -2.968 0.000 -1.597 0.000
0.000 0.000 -0.044 -0.000 0.000 0.000 0.000 0.000 -0.000 0.000 0.000 0.000 1.044
0.000 0.000 0.042 -0.000 -0.000 0.000 0.000 0.000 0.000 -0.000 0.000 0.000 0.958

0.000 1.001 0.021 0.001 0.057 0.000 0.000 -0.293 0.000 0.235 0.000 -0.024 0.000
0.000 1.000 0.000 0.000 0.000 0.000 0.000 0.000 0.000 -0.000 0.000 0.000 0.000
0.000 1.000 0.000 -0.000 0.000 -0.000 0.000 0.000 0.000 0.000 -0.000 0.000 0.000
0.879 29.999 0.000 0.001 1.718 -0.011 -29.860 0.000 -7.116 5.543 -0.002 -0.171 0.000
151.986 0.000 -1031.594 3.393 -122.251 -0.778 835.756 67.294 0.000 56.704 -0.247 0.000 42.392
0.188 -16.617 0.000 0.021 -0.000 -0.002 16.453 0.737 0.000 0.209 0.000 0.000 0.005
4.776 -376.282 0.000 -1.022 -0.019 -18.345 371.544 0.000 153.101 -131.445 0.008 -0.926 0.000
-0.009 0.000 1.008 -0.001 0.000 0.057 0.000 -0.061 0.000 0.008 -0.000 0.000 -0.000
0.000 0.000 0.000 -0.000 0.000 0.000 0.000 -0.000 3.800 -2.800 0.000 0.000 -0.000
0.000 0.000 0.000 0.000 0.000 0.000 -0.000 0.000 0.263 0.737 0.000 0.000 0.000
0.000 0.000 0.000 0.000 -0.000 0.000 0.000 -0.000 -0.357 1.357 0.000 0.000 -0.000
19.414 181.278 0.000 -4.314 -0.130 3.161 0.170 -202.928 16.370 0.000 -18.959 7.071 0.000
0.000 0.000 -0.044 0.000 0.000 0.000 0.000 0.000 0.000 0.000 0.000 0.000 1.044
0.000 0.000 0.042 0.000 -0.000 0.000 0.000 0.000 0.000 -0.000 0.000 0.000 0.958

0.000 1.004 0.015 0.001 0.039 0.001 0.000 -0.085 0.043 0.000 -0.001 -0.016 0.000
0.000 1.000 -0.000 0.000 -0.000 -0.000 0.000 0.000 0.000 0.000 0.000 -0.000 0.000
0.000 1.000 0.000 -0.000 0.000 0.000 0.000 0.000 0.000 -0.000 -0.000 0.000 0.000
2.581 0.000 -1.432 0.002 0.318 -0.012 0.000 -0.903 0.000 0.611 -0.003 0.000 -0.211
211.630 -2521.702 0.000 4.938 -179.924 -0.853 2263.633 98.894 0.000 74.896 0.299 47.008 0.000
0.298 -18.065 0.000 0.003 -0.000 -0.006 17.795 1.187 0.000 -0.229 -0.000 0.015 0.000
16.059 -776.908 0.000 -0.220 -0.011 -36.479 761.163 78.585 0.000 -40.810 -0.009 -0.720 0.000
-0.015 0.000 1.014 -0.000 0.000 0.053 0.000 -0.092 0.041 0.000 0.000 -0.001 0.000
0.000 0.000 0.000 0.000 0.000 0.000 0.000 0.000 3.800 -2.800 0.000 0.000 -0.000
0.000 0.000 0.000 0.000 0.000 0.000 0.000 0.000 0.263 0.737 0.000 0.000 0.000
0.000 0.000 0.000 0.000 -0.000 0.000 0.000 -0.000 -0.357 1.357 0.000 -0.000 0.000
-63.104 0.000 -187.648 -1.299 0.063 -3.675 -0.155 259.449 78.648 -76.016 0.000 0.000 -7.201
0.000 -0.044 0.000 0.000 0.000 0.000 0.000 0.000 0.000 0.000 0.000 0.000 1.044
0.000 0.042 0.000 0.000 -0.000 0.000 0.000 0.000 0.000 0.000 0.000 0.000 0.958


Real

: err true-train.  = ( 5109 2804 2819 ) (10732);  50.6 % 
: err true-test.  = ( 107 0 837 ) (944);  95.7 % 
: err train-test.  = ( 5107 2804 2743 ) (10654);  51.0 % 

5:-23029482.042965755
7:-8186441.459713276
12:-7219103.357092311
4:-313306.7416980111
1:-60599.35743382879
6:-21654.36486309138
8:-936.8348050353098
9:-0.112239633025383
2:-0.06898140415787861
3:-0.06065671383465479
10:-0.044260376435243505
11:-0.0222984197170693
14:-0.0030773006054639475
13:-0.003027021148504377

Train

: err true-train.  = ( 1741 3486 5505 ) (10732);  50.6 % 
: err true-test.  = ( 1765 3316 5630 ) (10711);  50.7 % 
: err train-test.  = ( 36 355 235 ) (626);  97.1 % 

5:-22444940.87667729
12:-9635270.29886563
7:-1511619.1845599348
4:-305297.8038013649
1:-16547.125053419273
6:-9505.88224480279
8:-608.8944881645101
2:-0.0440974429207141
3:-0.038881051114297856
9:-0.037363780648362536
11:-0.008407531862956005
10:-0.006476687954738771
13:-0.003122909659778448
14:-0.002438742060970309

Winter equal

Euclideo

Perfect [[0, 0, 6401], [0, 6469, 0], [5900, 0, 0]]
Train [[0, 853, 6401], [4022, 4577, 0], [1878, 1039, 0]]

Clusters purity: 67.52777654052836
Clusters purity 2: 68.49227490676611
Rand index:0.7563441888742228
Information criterion: 0.24327940018416389
Tries: 49
Steps: 25
Time: 35413.92231917381

0.000 1.245 0.023 0.000 0.028 -0.000 -0.280 0.192 0.000 -0.217 0.000 0.012 0.000
0.000 1.000 0.000 0.000 0.000 0.000 -0.000 0.000 -0.000 0.000 0.000 0.000 0.000
0.000 1.000 -0.000 0.000 0.000 0.000 0.000 0.000 0.000 0.000 0.000 0.000 0.000
4.251 -3.388 0.000 0.001 0.309 -0.028 0.000 -1.201 0.936 0.000 -0.001 0.000 0.000
127.029 0.000 0.000 2.897 -74.119 -0.265 223.889 -449.577 522.558 0.000 -0.167 8411.557 -8767.102
0.019 -15.429 0.000 0.001 -0.000 -0.004 15.448 0.000 1.429 -0.467 0.000 0.000 0.000
-2.171 0.000 0.000 -1.207 -0.006 -53.668 894.114 49.186 4.801 0.000 -0.017 20297.848 -21189.161
-0.001 0.000 0.998 0.000 0.000 0.062 0.000 0.000 -0.152 0.092 -0.000 -0.000 0.000
0.033 0.000 1.520 -0.001 -0.000 0.032 0.001 -1.563 0.972 0.000 -0.000 0.005 0.000
0.000 0.000 0.000 0.000 0.000 0.000 0.000 -0.000 0.263 0.737 0.000 0.000 0.000
0.000 0.000 -0.000 -0.000 -0.000 -0.000 0.000 0.000 -0.357 1.357 0.000 0.000 0.000
8.906 337.003 0.000 -0.879 -0.139 27.155 -0.638 -361.485 -50.184 0.000 24.978 12.060 0.000
0.000 -0.044 0.000 0.000 -0.000 -0.000 -0.000 0.000 0.000 0.000 0.000 0.000 1.044
-0.000 0.000 0.042 0.000 0.000 0.000 0.000 -0.000 0.000 -0.000 0.000 0.000 0.958

0.000 0.000 0.006 0.001 0.185 0.003 -2.243 -0.398 0.219 0.000 -0.001 -74.857 78.095
0.000 1.000 0.000 0.000 0.000 0.000 0.000 -0.000 0.000 0.000 0.000 0.000 0.000
0.000 1.000 0.000 0.000 0.000 0.000 0.000 0.000 0.000 0.000 0.000 0.000 0.000
1.343 32.623 0.000 0.004 2.070 -0.005 -32.778 -4.236 2.280 0.000 -0.007 0.000 -0.349
269.587 0.000 0.000 6.079 -108.877 -0.038 719.909 0.000 390.314 -285.416 0.602 23792.253 -24784.337
0.109 -18.799 0.000 0.005 -0.000 -0.005 18.724 0.000 5.350 -4.394 0.001 0.012 0.000
13.079 0.000 0.000 -0.110 -0.001 -44.066 926.020 89.686 0.000 -44.890 0.014 21417.924 -22356.938
-0.004 0.000 1.002 -0.000 0.000 0.051 0.000 -0.084 0.000 0.036 -0.000 -0.001 0.000
0.000 0.000 0.000 0.000 0.000 0.000 0.000 0.000 3.799 -2.799 -0.000 0.000 -0.000
0.000 0.000 0.000 -0.000 0.000 0.000 -0.000 0.000 0.263 0.737 -0.000 -0.000 0.000
0.000 0.000 0.000 -0.000 0.000 0.000 -0.000 0.000 -0.357 1.357 0.000 0.000 -0.000
-33.551 906.909 0.000 -1.343 0.080 48.667 0.117 -867.965 0.000 -235.461 188.143 -7.130 0.000
0.000 0.000 -0.044 0.000 0.000 -0.000 0.000 0.000 0.000 0.000 0.000 0.000 1.044
0.000 0.042 0.000 -0.000 -0.000 -0.000 -0.000 0.000 0.000 0.000 -0.000 0.000 0.958

0.000 -1.568 0.001 0.000 -0.117 -0.000 2.584 0.191 0.000 -0.082 -0.000 0.000 -0.008
-0.000 1.000 -0.000 0.000 0.000 0.000 0.000 0.000 0.000 0.000 0.000 0.000 0.000
0.000 1.000 0.000 0.000 0.000 0.000 0.000 0.000 0.000 0.000 0.000 0.000 0.000
15.076 0.000 0.000 0.010 13.515 -0.088 -233.200 -38.162 25.968 0.000 -0.003 -4980.016 5197.927
425.638 0.000 -4541.245 3.524 -357.397 -1.198 4023.703 -26.700 0.000 371.314 0.286 0.000 100.127
-0.330 0.000 0.000 0.002 -0.000 -0.002 18.704 0.000 5.199 -4.259 0.000 418.656 -436.969
-5.207 0.000 0.000 -0.160 -0.006 -23.322 474.185 37.406 0.000 -11.520 0.000 10719.860 -11190.427
0.020 0.000 0.978 -0.000 0.000 0.052 0.000 -0.077 0.000 0.028 0.000 0.000 -0.001
0.000 0.000 -0.000 0.000 -0.000 0.000 0.000 0.000 3.800 -2.800 0.000 0.000 0.000
0.000 0.000 0.000 0.000 0.000 0.000 0.000 0.000 0.263 0.737 0.000 0.000 0.000
-0.000 0.000 0.000 0.000 0.000 0.000 0.000 0.000 -0.357 1.357 0.000 0.000 0.000
-42.965 0.000 0.000 -0.068 0.015 2.822 0.000 43.891 23.227 -24.790 0.000 0.000 -0.820
0.000 0.000 -0.044 0.000 0.000 0.000 0.000 -0.000 0.000 0.000 0.000 0.000 1.044
-0.000 0.042 0.000 0.000 0.000 0.000 0.000 0.000 0.000 0.000 0.000 0.000 0.958


Real

: err true-train.  = ( 0 1892 4022 ) (5914);  68.5 % 
: err true-test.  = ( 0 1144 314 ) (1458);  92.2 % 
: err train-test.  = ( 0 1383 3708 ) (5091);  72.9 % 

5:-2814192.8352234154
12:-471222.42793231044
7:-301334.96536778874
4:-844.5534173441537
1:-18.47244344406233
6:-3.465606812166397
8:-0.012344277187779085
11:-8.580913687938896e-10
14:1.0403766736999387e-09
13:1.1292229373793816e-09
2:8.369448067924168e-08
3:1.1200202010286375e-07
10:0.0002744514755310325
9:0.009415328747450945

Train

: err true-train.  = ( 2239 2960 1460 ) (6659);  64.5 % 
: err true-test.  = ( 57 489 0 ) (546);  97.1 % 
: err train-test.  = ( 2296 2938 1460 ) (6694);  64.3 % 

5:-19596571.23721288
7:-6296204.87166795
12:-5542037.506893473
4:-266832.1898288701
1:-45487.23765902856
6:-16281.564009333328
8:-883.2109520563527
3:-0.05177152522783059
9:-0.050992366650212624
2:-0.03693203120022697
11:-0.030375579188594015
10:-0.02186354646835224
13:-0.002204749657783167
14:-0.0017281500596305808

Total

Perfect [[5900, 0, 0], [0, 6469, 0], [0, 0, 6401]]
Train [[3661, 1854, 1460], [2239, 3509, 0], [0, 1106, 4941]]

Clusters purity: 64.49507520731365
Clusters purity 2: 64.52317527970165
Rand index:0.6820339072921823
Information criterion: 0.32090895385997986
Tries: 49
Steps: 25
Time: 22989.19192314148

0.000 0.988 0.023 0.000 0.058 -0.003 0.000 -0.264 0.222 0.000 -0.000 0.000 -0.022
0.000 1.000 0.000 0.000 0.000 -0.000 0.000 0.000 0.000 0.000 0.000 -0.000 0.000
0.000 1.000 -0.000 -0.000 0.000 0.000 0.000 0.000 0.000 0.000 -0.000 0.000 0.000
1.868 0.000 31.902 0.002 1.763 -0.002 -32.732 -5.574 0.000 3.934 -0.001 0.000 -0.188
174.486 -454.109 0.000 6.426 -111.164 0.202 235.127 -67.868 0.000 178.880 0.335 40.693 0.000
0.312 0.000 -18.487 0.012 -0.000 -0.006 18.216 0.000 4.648 -3.695 0.000 0.392 -0.400
-1.760 -751.346 0.000 -0.091 0.003 -36.365 754.047 83.249 -45.450 0.000 0.043 -1.516 0.000
-0.015 1.013 0.000 -0.001 0.000 0.052 0.000 -0.080 0.000 0.031 -0.000 0.000 -0.000
0.000 0.000 0.000 0.000 0.000 0.000 0.000 0.000 3.800 -2.800 0.000 0.000 0.000
0.000 0.000 0.000 0.000 -0.000 0.000 -0.000 0.000 0.263 0.737 0.000 0.000 0.000
0.000 0.000 0.000 0.000 0.000 0.000 0.000 0.000 -0.357 1.357 0.000 0.000 -0.000
-31.563 442.974 0.000 -0.862 0.071 22.488 0.718 -401.546 18.040 0.000 -43.526 -8.305 0.000
0.000 -0.044 0.000 0.000 0.000 0.000 0.000 0.000 0.000 0.000 0.000 0.000 1.044
0.000 0.042 0.000 0.000 -0.000 0.000 0.000 0.000 -0.000 0.000 0.000 0.000 0.958

0.000 0.000 -0.001 0.001 0.010 0.002 1.053 0.122 -0.141 0.000 -0.001 0.000 -0.041
0.000 1.000 -0.000 0.000 0.000 -0.000 0.000 0.000 0.000 0.000 0.000 0.000 0.000
0.000 1.000 0.000 -0.000 0.000 0.000 0.000 0.000 -0.000 0.000 -0.000 0.000 0.000
-0.652 0.000 -19.715 0.010 0.000 -0.042 21.467 0.000 -21.079 21.193 -0.009 0.000 -0.206
247.322 -1098.764 0.000 4.634 -106.689 0.243 777.401 99.351 0.000 0.000 0.451 74.195 0.000
0.020 0.000 -18.544 0.000 -0.000 -0.005 18.553 1.291 0.000 -0.338 0.000 0.024 0.000
11.559 0.000 -984.573 -0.165 0.002 -45.448 974.257 106.904 -60.846 0.000 -0.020 -0.963 0.000
0.000 0.998 0.000 0.000 0.000 0.052 0.000 0.000 -0.294 0.244 -0.000 -0.001 0.000
0.000 -0.000 0.000 0.000 -0.000 0.000 0.000 0.000 3.800 -2.800 0.000 0.000 0.000
0.000 0.000 0.000 0.000 0.000 0.000 -0.000 0.000 0.263 0.737 -0.000 0.000 0.000
0.000 0.000 -0.000 0.000 0.000 0.000 0.000 0.000 -0.357 1.357 0.000 0.000 -0.000
-38.779 74.501 0.000 -0.395 0.041 7.352 -0.191 -34.354 0.000 0.000 -7.342 0.000 -1.908
0.000 -0.044 0.000 0.000 0.000 0.000 0.000 0.000 0.000 0.000 0.000 0.000 1.044
0.000 0.042 0.000 0.000 0.000 -0.000 0.000 0.000 0.000 0.000 0.000 0.000 0.958

0.969 0.000 0.012 0.000 0.008 -0.000 0.000 0.196 -0.200 0.000 0.000 0.000 0.019
0.000 1.000 0.000 0.000 -0.000 0.000 0.000 0.000 -0.000 0.000 -0.000 0.000 0.000
0.000 1.000 0.000 -0.000 0.000 0.000 0.000 0.000 0.000 0.000 0.000 0.000 0.000
4.107 -11.396 0.000 0.005 0.000 -0.036 8.272 1.577 -1.530 0.000 0.000 0.000 -0.112
104.022 0.000 -668.173 5.808 -92.676 -0.500 549.398 -214.348 0.000 304.823 -0.100 0.000 7.532
0.016 -15.809 0.000 -0.000 -0.000 -0.005 15.834 0.564 0.000 0.398 0.000 -0.002 0.000
-2.227 -988.041 0.000 -0.865 -0.010 -59.152 992.821 59.243 0.000 0.000 -0.019 -1.826 0.000
0.000 0.000 0.997 0.000 0.000 0.061 0.000 -0.049 0.000 -0.009 -0.000 0.000 0.000
0.000 -0.000 0.000 0.000 0.000 0.000 0.000 0.000 3.800 -2.800 0.000 0.000 0.000
0.000 0.000 0.000 0.000 0.000 0.000 -0.000 0.000 0.263 0.737 0.000 0.000 0.000
0.000 0.000 0.000 0.000 0.000 0.000 0.000 0.000 -0.357 1.357 0.000 -0.000 0.000
0.000 112.132 0.000 0.289 -0.073 18.840 -0.652 -128.707 0.000 -17.356 0.000 12.943 0.000
0.000 0.000 -0.044 0.000 0.000 0.000 0.000 0.000 0.000 0.000 0.000 0.000 1.044
0.000 0.042 0.000 0.000 0.000 0.000 0.000 0.000 0.000 0.000 0.000 0.000 0.958

Real

: err true-train.  = ( 853 4022 1039 ) (5914);  68.5 % 
: err true-test.  = ( 853 4037 755 ) (5645);  69.9 % 
: err train-test.  = ( 0 15 292 ) (307);  98.4 % 

5:-3212519.564205346
12:-691514.2587104002
7:-28715.184578230695
4:-1838.4296928556712
1:-4.022915323625597
6:-1.2451327029261898
9:-0.08460059537890971
8:-0.008622313811542881
10:-5.570980534524983e-09
14:-4.9691237791194e-09
13:-5.235847311269026e-10
3:2.7706263949767163e-09
2:3.3582026048861735e-09
11:0.00028219296317752766

Train

: err true-train.  = ( 3314 2239 1106 ) (6659);  64.5 % 
: err true-test.  = ( 3195 2352 1240 ) (6787);  63.8 % 
: err train-test.  = ( 119 113 134 ) (366);  98.1 % 

5:-15559776.7345107
12:-6749155.436999024
7:-1429330.3118772006
4:-206644.51931703175
1:-18686.84798041691
6:-10320.76674916576
8:-686.5002853793311
3:-0.03237656381569431
2:-0.03008709580112698
9:-0.016450469691474772
11:-0.0065645965988773616
10:-0.0035446678796461364
13:-0.00142925881396755
14:-0.0006248412988857655