Summer 15 

Euclideo

Perfect [[0, 8351, 0], [6050, 0, 0], [0, 0, 3179]]
Train [[0, 4487, 1704], [6050, 794, 0], [0, 3070, 1475]]

Clusters purity:63.49738554264959
Clusters purity 2:77.40045506257111
Rand index:0.7458795241322757
Information criterion: 0.22263229074919594
Tries: 49
Steps: 25
Time: 23689.627195358276

0.000 0.716 0.000 0.000 -0.007 0.000 0.290 0.057 0.000 -0.052 0.000 0.000 -0.004
0.000 1.000 0.000 0.000 0.000 0.000 0.000 0.000 0.000 0.000 0.000 -0.000 0.000
0.000 1.000 0.000 0.000 0.000 0.000 0.000 0.000 0.000 0.000 0.000 0.000 0.000
371.338 1400.239 0.000 0.000 74.217 -0.643 -1750.548 -287.484 221.729 0.000 0.103 -29.837 0.000
315.043 0.000 -3378.779 0.000 -212.968 -1.059 3032.963 0.000 1129.103 -925.442 0.775 0.000 38.604
-0.222 0.000 -23.461 0.000 -0.001 -0.006 23.708 0.000 10.869 -9.931 0.001 0.038 0.000
22.844 -465.715 0.000 -0.006 -0.007 -13.607 435.617 79.570 -63.204 0.000 -0.050 5.823 0.000
0.015 0.000 0.984 -0.000 0.000 0.040 0.000 -0.131 0.000 0.094 -0.000 -0.001 0.000
0.084 0.000 3.467 -0.000 0.000 0.128 0.001 -3.561 0.880 0.000 -0.000 0.001 0.000
0.000 0.000 0.000 0.000 0.000 0.000 -0.000 -0.000 0.263 0.737 0.000 0.000 0.000
0.000 0.000 -0.000 -0.000 0.000 -0.000 0.000 0.000 -0.357 1.357 0.000 0.000 0.000
53.958 0.000 337.019 0.006 0.032 18.085 -0.312 -404.686 0.000 -88.525 70.295 11.000 0.000
0.000 -0.044 0.000 0.000 -0.000 0.000 0.000 0.000 0.000 0.000 0.000 0.000 1.044
0.000 0.042 0.000 -0.000 0.000 -0.000 0.000 0.000 0.000 0.000 0.000 0.000 0.958

0.000 0.683 0.000 -0.000 -0.007 -0.001 0.312 -0.145 0.000 0.155 0.001 0.000 0.000
0.000 1.000 0.000 0.000 0.000 0.000 -0.000 0.000 0.000 -0.000 -0.000 0.000 0.000
0.000 1.000 0.000 0.000 0.000 0.000 -0.000 -0.000 0.000 0.000 0.000 0.000 0.000
7.350 0.000 0.000 0.025 14.518 -0.167 -272.459 -49.451 36.863 0.000 0.006 -6095.664 6360.131
-93.925 0.000 0.000 1.122 137.023 -1.884 -4776.009 -306.876 192.014 0.000 0.044 -109174.622 114021.712
-0.004 0.000 0.000 0.001 0.000 -0.001 22.242 0.000 7.506 -6.579 -0.000 505.890 -528.055
-3.143 -167.713 0.000 -0.033 -0.008 -6.258 167.127 16.012 -6.280 0.000 0.005 1.121 0.000
0.000 0.000 0.996 -0.000 -0.000 0.044 0.000 -0.093 0.000 0.052 0.000 0.000 0.000
0.000 0.000 0.000 -0.000 -0.000 0.000 0.000 0.000 3.800 -2.800 0.000 0.000 0.000
0.000 0.000 0.000 0.000 0.000 0.000 0.000 0.000 0.263 0.737 0.000 0.000 0.000
0.000 0.000 0.000 -0.000 0.000 0.000 0.000 0.000 -0.357 1.357 0.000 0.000 0.000
47.046 0.000 0.000 0.030 0.005 -8.563 0.113 146.465 3.916 0.000 4.881 4578.415 -4770.777
0.000 0.000 -0.044 0.000 -0.000 -0.000 0.000 0.000 0.000 0.000 0.000 0.000 1.044
0.000 0.042 0.000 0.000 -0.000 0.000 0.000 -0.000 -0.000 0.000 0.000 -0.000 0.958

0.000 0.901 -0.000 0.000 -0.001 0.000 0.104 0.016 0.000 -0.015 0.000 -0.004 0.000
0.000 1.000 0.000 0.000 0.000 0.000 0.000 0.000 0.000 0.000 0.000 0.000 0.000
0.000 1.000 0.000 0.000 0.000 0.000 0.000 0.000 0.000 0.000 0.000 0.000 0.000
-33.708 0.000 0.000 0.050 20.503 -0.396 -274.278 0.000 -53.874 35.928 0.008 -7043.496 7350.095
1387.261 -5032.976 0.000 2.060 -297.415 -0.292 3601.984 0.000 417.585 -129.489 0.447 0.000 55.511
-0.397 -20.683 0.000 0.003 -0.001 -0.005 21.087 0.000 11.852 -10.911 0.001 0.056 0.000
50.000 0.000 0.000 -0.076 -0.001 -6.774 263.959 39.557 0.000 -29.390 -0.001 7234.801 -7550.909
0.059 0.940 0.000 -0.000 0.000 0.042 0.000 -0.172 0.000 0.132 -0.000 -0.002 0.000
0.138 0.000 2.389 -0.000 0.000 0.090 0.001 -2.531 0.917 0.000 -0.000 -0.004 0.000
0.000 0.000 0.000 0.000 0.000 0.000 -0.000 -0.000 0.263 0.737 0.000 -0.000 0.000
-0.000 0.000 0.000 0.000 0.000 -0.000 0.000 0.000 -0.357 1.357 -0.000 0.000 0.000
64.930 0.000 482.463 0.048 0.061 34.343 -0.043 -547.333 -107.836 74.705 0.000 0.000 -2.843
0.000 0.000 -0.044 0.000 -0.000 0.000 0.000 0.000 0.000 0.000 0.000 0.000 1.044
0.000 0.000 0.042 0.000 0.000 0.000 -0.000 0.000 0.000 0.000 0.000 0.000 0.958

Real

: err true-train.  = ( 3864 0 1704 ) (5568);  68.3 % 
: err true-test.  = ( 1618 0 182 ) (1800);  89.8 % 
: err train-test.  = ( 3894 0 1886 ) (5780);  67.1 % 

5:-9639456.862654313
4:-978623.3229266214
12:-486225.2199054209
7:-36778.59667790037
6:-8.398550864221635
1:-0.8595251492911018
9:-0.37185771523262945
10:-0.03876034003560489
8:-0.02132177925746248
13:-0.00024395164646762169
14:-0.00022358429040991723
3:-4.4271188599509514e-06
2:-1.8441652827050348e-07
11:0.0016075189923549994

Train

: err true-train.  = ( 1704 794 3070 ) (5568);  68.3 % 
: err true-test.  = ( 1704 794 3070 ) (5568);  68.3 % 
: err train-test.  = ( 0 0 0 ) (0);  100.0 % 

5:-5354299.607791428
4:-559299.4985704222
12:-371532.3655215465
7:-11446.804452646284
6:-7.4842040379728845
1:-0.6244849591951507
9:-0.1086532060428645
8:-0.012168688723015464
13:-2.9638371756846027e-09
14:-1.0371223879701574e-09
3:7.164970838857698e-10
2:8.691216635270393e-10
10:0.0026877518979791723
11:0.002837875829768958

Total

Perfect [[0, 8351, 0], [6050, 0, 0], [0, 0, 3179]]
Train [[0, 3072, 1475], [6050, 2530, 0], [0, 2749, 1704]]

Clusters purity:56.568075679559335
Clusters purity 2:67.52559726962457
Rand index:0.6750734810597582
Information criterion: 0.2737132982538399
Tries: 49
Steps: 25
Time: 19838.002779483795

0.000 1.005 -0.000 0.000 0.003 0.000 0.000 0.000 -0.004 0.000 0.000 -0.004 0.000
0.000 1.000 -0.000 0.000 0.000 0.000 0.000 0.000 0.000 0.000 -0.000 0.000 0.000
0.000 1.000 0.000 -0.000 0.000 -0.000 0.000 0.000 0.000 0.000 0.000 0.000 0.000
0.000 275.053 0.000 0.049 20.510 -0.430 -275.020 0.000 -51.537 33.749 0.010 -1.514 0.000
1233.210 -4893.111 0.000 1.870 -297.768 -0.311 3617.396 0.000 425.196 -136.791 0.453 0.000 54.416
0.000 0.000 -21.096 0.003 -0.001 -0.005 21.099 0.000 11.856 -10.915 0.001 0.000 0.060
41.517 0.000 -317.654 -0.077 -0.001 -7.173 273.370 41.272 0.000 -30.749 -0.002 0.654 0.000
0.994 0.000 0.000 -0.000 0.000 0.039 0.000 -0.216 0.180 0.000 -0.000 0.003 0.000
0.000 0.000 0.000 0.000 0.000 0.000 0.000 0.000 3.800 -2.800 0.000 0.000 0.000
0.000 0.000 0.000 0.000 0.000 -0.000 -0.000 0.000 0.263 0.737 0.000 0.000 0.000
0.000 0.000 0.000 0.000 -0.000 0.000 0.000 -0.000 -0.357 1.357 0.000 0.000 0.000
67.447 0.000 479.431 0.050 0.061 34.292 -0.044 -546.873 -88.064 0.000 54.988 0.000 -2.790
0.000 -0.044 0.000 -0.000 0.000 0.000 0.000 0.000 0.000 0.000 0.000 0.000 1.044
0.000 0.042 0.000 0.000 0.000 0.000 0.000 0.000 0.000 -0.000 0.000 -0.000 0.958

0.000 0.998 0.000 -0.000 0.005 -0.001 0.000 -0.189 0.189 0.000 0.001 -0.003 0.000
0.000 1.000 0.000 0.000 0.000 -0.000 0.000 -0.000 0.000 0.000 -0.000 0.000 0.000
0.000 1.000 0.000 -0.000 -0.000 0.000 0.000 0.000 0.000 0.000 0.000 0.000 0.000
5.442 0.000 242.536 0.021 13.098 -0.192 -245.995 0.000 -128.613 117.377 0.035 0.000 -2.615
-117.424 0.000 1040.955 1.180 -24.011 -1.796 -994.952 15.124 0.000 14.380 0.149 61.654 0.000
0.022 0.000 -22.434 0.001 -0.000 -0.003 22.468 0.000 8.486 -7.553 -0.000 0.000 0.011
-5.343 0.000 -328.207 -0.068 -0.011 -11.834 329.832 39.125 0.000 -24.172 -0.021 1.766 0.000
-0.001 0.000 0.998 -0.000 -0.000 0.043 0.000 0.000 -0.398 0.358 0.000 -0.000 0.000
0.000 0.000 -0.000 0.000 0.000 0.000 0.000 0.000 3.800 -2.800 0.000 0.000 0.000
0.000 0.000 0.000 0.000 0.000 0.000 -0.000 0.000 0.263 0.737 0.000 -0.000 0.000
0.000 0.000 -0.000 0.000 0.000 0.000 0.000 0.000 -0.357 1.357 0.000 0.000 0.000
63.573 -212.692 0.000 0.156 0.012 -7.130 -0.266 141.143 0.000 6.971 0.000 7.678 0.000
0.000 -0.044 0.000 0.000 -0.000 0.000 0.000 0.000 0.000 0.000 0.000 0.000 1.044
0.000 0.042 0.000 0.000 0.000 0.000 0.000 0.000 0.000 0.000 -0.000 0.000 0.958

1.009 0.000 0.000 0.000 0.006 0.001 0.000 -0.042 0.000 0.034 0.000 -0.008 0.000
0.000 1.000 -0.000 0.000 0.000 -0.000 0.000 0.000 0.000 0.000 -0.000 0.000 0.000
0.000 1.000 0.000 0.000 0.000 -0.000 0.000 0.000 0.000 -0.000 0.000 0.000 0.000
211.563 0.000 3055.466 0.016 138.923 -2.809 -3248.715 -622.497 506.047 0.000 0.225 0.000 -39.835
222.383 -3944.883 0.000 0.023 -252.261 0.978 3695.008 477.666 -247.141 0.000 0.650 44.026 0.000
-0.488 -23.818 0.000 0.000 -0.001 -0.003 24.344 3.249 0.000 -2.327 0.000 0.000 0.038
0.000 -227.522 0.000 -0.011 0.003 -4.482 224.064 34.396 -26.698 0.000 0.011 1.061 0.000
0.000 0.000 0.998 -0.000 0.000 0.039 0.000 -0.182 0.146 0.000 -0.000 -0.001 0.000
0.000 0.000 0.000 0.000 0.000 0.000 0.000 0.000 3.800 -2.800 0.000 0.000 0.000
0.000 0.000 0.000 0.000 0.000 0.000 -0.000 0.000 0.263 0.737 0.000 0.000 0.000
0.000 0.000 0.000 0.000 0.000 0.000 0.000 0.000 -0.357 1.357 0.000 0.000 0.000
66.836 155.999 0.000 0.013 0.028 9.117 0.158 -239.184 0.000 0.000 -11.779 0.000 15.795
0.000 -0.044 0.000 0.000 -0.000 0.000 0.000 0.000 0.000 0.000 0.000 0.000 1.044
0.000 0.042 0.000 0.000 0.000 0.000 -0.000 0.000 0.000 0.000 0.000 0.000 0.958

Real

: err true-train.  = ( 5279 0 1475 ) (6754);  61.6 % 
: err true-test.  = ( 1256 0 50 ) (1306);  92.6 % 
: err train-test.  = ( 4955 0 1475 ) (6430);  63.4 % 

5:-36248886.29710483
4:-9359892.251380617
12:-9287179.318935186
7:-2001415.6124554023
6:-22992.117745202828
1:-7023.722880213044
8:-2759.351551928642
2:-0.029177370536201033
3:-0.028899244208930547
9:-0.026626247845799703
11:-0.019651637719522067
10:-0.01669467544114216
13:-0.0013312588482332535
14:-0.001061978771916015

Train

: err true-train.  = ( 1475 2530 2749 ) (6754);  61.6 % 
: err true-test.  = ( 1491 2529 2663 ) (6683);  62.0 % 
: err train-test.  = ( 16 50 182 ) (248);  98.6 % 

5:-16125180.034068618
12:-7129785.970884983
4:-6625599.9528909605
7:-946158.0586072233
6:-20249.328364126777
1:-4881.26229490217
8:-2382.0790497289045
9:-0.023279905437379313
3:-0.020685270417705195
2:-0.020253238589278546
11:-0.008107889175978562
10:-0.0038692096457704226
13:-0.0007921505329385556
14:-0.0007174130280063432

Summer 15 Reducido

Euclideo

Perfect [[6050, 0, 0], [0, 0, 3179], [0, 3320, 0]]
Train [[6050, 491, 0], [0, 872, 1704], [0, 1957, 1475]]

Clusters purity:70.8491815642564
Clusters purity 2:77.38465216351901
Rand index:0.8354940059893493
Information criterion: 0.20016953094835807
Tries: 49
Steps: 25
Time: 15007.348553419113

0.000 0.866 0.000 -0.000 0.000 -0.001 0.128 -0.159 0.000 0.163 0.001 0.001 0.000
0.000 1.000 0.000 -0.000 0.000 0.000 -0.000 -0.000 0.000 0.000 0.000 0.000 0.000
0.000 1.000 0.000 0.000 -0.000 0.000 0.000 0.000 0.000 -0.000 0.000 0.000 0.000
6.733 0.000 0.000 0.024 18.657 -0.168 -369.507 -59.748 43.412 0.000 0.007 -8316.709 8678.500
-106.233 0.000 0.000 1.052 143.504 -1.938 -4891.858 -304.275 183.339 0.000 0.046 -112091.011 117065.752
0.003 0.000 0.000 0.001 0.000 -0.001 22.328 0.000 7.528 -6.602 -0.000 508.005 -530.262
-3.288 -160.827 0.000 -0.032 -0.009 -5.996 160.318 15.148 -5.665 0.000 0.003 1.165 0.000
0.000 0.000 0.996 -0.000 -0.000 0.044 0.000 -0.092 0.000 0.052 0.000 0.000 0.000
0.000 -0.000 0.000 0.000 0.000 0.000 0.000 0.000 3.800 -2.800 0.000 0.000 0.000
0.000 0.000 0.000 0.000 0.000 0.000 -0.000 0.000 0.263 0.737 0.000 0.000 0.000
0.000 0.000 -0.000 0.000 0.000 0.000 0.000 0.000 -0.357 1.357 0.000 0.000 0.000
50.597 0.000 0.000 0.034 0.005 -6.947 0.078 105.639 0.000 7.293 0.000 3734.375 -3889.713
0.000 0.000 -0.044 -0.000 0.000 -0.000 0.000 0.000 0.000 0.000 0.000 0.000 1.044
0.000 0.042 0.000 0.000 0.000 -0.000 0.000 0.000 0.000 0.000 0.000 0.000 0.958

0.000 0.733 0.000 0.000 -0.009 0.000 0.269 0.054 0.000 -0.047 0.000 -0.001 0.000
-0.000 1.000 0.000 0.000 0.000 0.000 0.000 0.000 0.000 0.000 0.000 0.000 -0.000
0.000 1.000 0.000 0.000 0.000 0.000 0.000 0.000 0.000 0.000 0.000 0.000 0.000
486.087 0.000 0.000 0.059 125.677 -0.288 -3076.181 -626.232 512.656 0.000 0.129 -59711.400 62288.613
299.735 -5918.510 0.000 0.092 -311.126 -1.616 5588.044 426.141 0.000 -130.831 0.330 45.377 0.000
-0.674 -24.492 0.000 0.000 -0.001 -0.005 25.210 0.000 12.738 -11.811 0.001 0.030 0.000
38.846 -375.433 0.000 -0.001 -0.005 -9.054 329.819 65.733 -53.677 0.000 -0.043 4.916 0.000
0.029 0.000 0.969 -0.000 0.000 0.038 0.000 -0.144 0.000 0.108 -0.000 -0.001 0.000
0.000 0.000 0.000 0.000 0.000 0.000 0.000 -0.000 3.800 -2.800 0.000 0.000 0.000
0.000 0.000 0.000 0.000 0.000 0.000 0.000 0.000 0.263 0.737 0.000 0.000 0.000
0.000 0.000 0.000 0.000 0.000 0.000 0.000 -0.000 -0.357 1.357 0.000 0.000 0.000
114.825 158.881 0.000 0.008 0.013 11.863 -0.495 -288.138 6.842 0.000 -18.425 11.755 0.000
0.000 -0.044 0.000 0.000 0.000 0.000 0.000 0.000 0.000 0.000 0.000 0.000 1.044
-0.000 0.042 0.000 0.000 0.000 0.000 0.000 0.000 0.000 0.000 0.000 0.000 0.958

0.000 0.974 0.000 0.000 0.002 0.000 0.030 0.000 0.000 -0.002 -0.000 -0.004 0.000
-0.000 0.000 0.000 0.000 0.000 0.000 0.000 0.000 0.000 0.000 0.000 -22.829 23.829
-0.000 0.000 0.000 0.000 0.000 0.000 0.000 0.000 0.000 0.000 0.000 -22.829 23.829
16.998 0.000 0.000 0.042 17.485 -0.282 -242.687 0.000 -57.773 42.216 0.011 -5163.436 5388.213
938.795 0.000 -5095.571 1.931 -310.566 -1.197 4128.854 0.000 772.993 -470.797 0.423 38.330 0.000
0.275 -20.504 0.000 0.003 -0.001 -0.006 20.213 0.000 10.412 -9.461 0.001 0.000 0.074
34.178 0.000 0.000 -0.072 -0.007 -9.134 301.922 41.578 0.000 -29.077 -0.002 7775.179 -8113.232
0.013 0.988 0.000 -0.000 0.000 0.045 0.000 -0.160 0.000 0.118 -0.000 0.000 -0.003
0.000 -0.000 0.000 0.000 0.000 0.000 0.000 0.000 3.800 -2.800 0.000 0.000 0.000
0.000 0.000 0.000 0.000 0.000 0.000 0.000 0.000 0.263 0.737 0.000 0.000 0.000
0.000 0.000 0.000 0.000 -0.000 0.000 0.000 0.000 -0.357 1.357 0.000 -0.000 0.000
-65.046 619.117 0.000 0.077 0.063 34.541 -0.049 -547.752 -98.143 64.492 0.000 -9.336 0.000
0.000 -0.044 0.000 0.000 0.000 -0.000 0.000 0.000 0.000 0.000 0.000 0.000 1.044
0.000 0.042 0.000 0.000 -0.000 0.000 0.000 -0.000 -0.000 0.000 0.000 0.000 0.958

Real

: err true-train.  = ( 0 1475 1363 ) (2838);  77.4 % 
: err true-test.  = ( 0 162 1043 ) (1205);  90.4 % 
: err train-test.  = ( 0 1355 583 ) (1938);  84.6 % 

5:-8045980.391840938
4:-740124.1436526495
12:-359219.32579920033
7:-29137.962763568376
6:-9.534892163441972
1:-0.6385488359156
9:-0.04056798225764363
8:-0.0183083275540028
11:-0.005857632776553805
10:-0.005521740117098174
13:-0.00021959441464503016
14:-0.0002014693211194185
3:-3.356790557518252e-06
2:1.3807962773171312e-08

Train

: err true-train.  = ( 491 872 1475 ) (2838);  77.4 % 
: err true-test.  = ( 491 868 1606 ) (2965);  76.4 % 
: err train-test.  = ( 0 4 131 ) (135);  98.9 % 

5:-4011245.9621808217
4:-480223.8063738242
12:-269919.1972281465
7:-8543.906977044404
6:-6.71724519338525
1:-0.49416093816991236
8:-0.01193471956391079
2:-5.202762523026649e-07
3:-1.9577692711436612e-07
14:8.104024118438247e-10
13:8.615685942459095e-10
10:0.00031017204983050804
11:0.00032870662963792514
9:0.009398923782385375

Total

Perfect [[0, 0, 3179], [6050, 0, 0], [0, 3320, 0]]
Train [[1922, 611, 1475], [4128, 609, 0], [0, 2100, 1704]]

Clusters purity:54.41767068273092
Clusters purity 2:64.94541397720934
Rand index:0.6902879126320838
Information criterion: 0.2947569209762118
Tries: 49
Steps: 25
Time: 15010.323464393616

0.000 0.886 0.000 -0.000 0.000 -0.002 0.108 -0.185 0.000 0.190 0.000 0.000 -0.001
-0.000 1.000 0.000 0.000 0.000 0.000 0.000 0.000 0.000 0.000 0.000 0.000 0.000
0.000 1.000 0.000 -0.000 0.000 -0.000 0.000 0.000 0.000 0.000 0.000 0.000 0.000
3.403 0.000 80.884 0.023 5.869 -0.101 -82.216 -16.748 0.000 11.595 0.020 0.000 -1.798
-23.338 -2141.522 0.000 2.786 -180.274 -2.182 2101.816 318.188 0.000 -137.464 0.038 62.181 0.000
0.100 0.000 -20.583 0.002 -0.000 -0.010 20.490 0.000 7.732 -6.767 0.000 0.000 0.034
-6.473 -425.894 0.000 -0.058 -0.010 -17.446 429.842 54.828 -34.666 0.000 0.006 0.905 0.000
0.000 0.999 0.000 -0.000 0.000 0.046 0.001 -0.138 0.094 0.000 -0.000 -0.001 0.000
0.000 -0.000 0.000 0.000 0.000 0.000 0.000 0.000 3.800 -2.800 0.000 0.000 0.000
0.000 0.000 0.000 0.000 0.000 -0.000 0.000 0.000 0.263 0.737 0.000 0.000 -0.000
-0.000 0.000 0.000 0.000 -0.000 0.000 0.000 0.000 -0.357 1.357 0.000 0.000 0.000
13.576 245.444 0.000 0.350 0.005 13.457 0.173 -265.961 -61.134 0.000 47.806 6.117 0.000
0.000 -0.044 0.000 0.000 -0.000 0.000 0.000 0.000 0.000 0.000 0.000 0.000 1.044
0.000 0.042 0.000 0.000 0.000 0.000 0.000 0.000 0.000 -0.000 0.000 0.000 0.958

0.000 0.999 0.000 -0.000 0.004 -0.001 0.000 -0.166 0.166 0.000 0.001 -0.004 0.000
0.000 1.000 0.000 0.000 0.000 -0.000 0.000 0.000 0.000 0.000 -0.000 0.000 0.000
0.000 1.000 0.000 -0.000 0.000 0.000 0.000 0.000 -0.000 0.000 0.000 0.000 0.000
5.357 532.184 0.000 0.020 27.155 -0.189 -536.358 -77.269 53.050 0.000 0.022 0.000 -2.869
-147.759 5671.317 0.000 0.703 191.743 -1.738 -5608.638 -330.272 0.000 160.795 0.373 59.775 0.000
0.050 0.000 -21.730 0.001 0.000 -0.003 21.756 0.000 6.908 -5.974 0.000 0.000 -0.009
-2.889 -452.874 0.000 -0.043 -0.011 -19.476 452.592 40.726 0.000 -18.570 -0.003 1.601 0.000
-0.002 0.000 0.999 -0.000 -0.000 0.045 0.000 -0.103 0.060 0.000 -0.000 0.000 0.001
-0.000 0.000 0.000 -0.000 0.000 0.000 0.000 0.000 3.800 -2.800 0.000 0.000 0.000
0.000 0.000 0.000 0.000 -0.000 0.000 -0.000 0.000 0.263 0.737 -0.000 0.000 0.000
-0.000 0.000 0.000 0.000 0.000 0.000 0.000 0.000 -0.357 1.357 0.000 0.000 0.000
91.524 160.908 0.000 0.098 0.047 12.493 -0.061 -259.851 -25.625 0.000 13.958 6.558 0.000
0.000 -0.044 0.000 0.000 -0.000 0.000 0.000 0.000 0.000 0.000 0.000 0.000 1.044
0.000 0.042 0.000 0.000 0.000 0.000 0.000 0.000 0.000 0.000 -0.000 0.000 0.958

0.000 1.001 0.000 0.000 0.001 0.000 0.000 0.012 0.000 -0.014 0.000 0.000 -0.001
0.000 1.000 -0.000 0.000 0.000 -0.000 0.000 0.000 0.000 0.000 -0.000 0.000 -0.000
0.000 1.000 0.000 -0.000 0.000 0.000 0.000 0.000 0.000 -0.000 0.000 0.000 0.000
557.316 0.000 2093.606 0.047 112.908 -1.543 -2632.985 -584.418 488.512 0.000 0.007 0.000 -32.745
444.283 -4122.797 0.000 0.115 -259.629 -0.932 3633.789 0.000 0.000 247.750 0.365 0.000 54.182
0.000 0.000 -25.254 0.000 -0.000 -0.002 25.314 3.329 0.000 -2.412 0.001 0.000 0.024
1.613 -166.219 0.000 -0.007 -0.002 -2.767 159.674 0.000 78.275 -72.127 -0.019 2.330 0.000
0.996 0.000 0.000 -0.000 0.000 0.036 0.000 -0.199 0.166 0.000 -0.000 0.000 0.000
0.000 0.000 0.000 0.000 0.000 0.000 0.000 0.000 3.800 -2.800 0.000 0.000 0.000
0.000 0.000 0.000 0.000 0.000 0.000 -0.000 0.000 0.263 0.737 0.000 0.000 -0.000
0.000 -0.000 0.000 0.000 -0.000 0.000 0.000 0.000 -0.357 1.357 0.000 0.000 0.000
152.577 233.225 0.000 0.001 0.019 19.041 -0.522 -399.149 0.000 -17.849 0.000 10.241 0.000
0.000 -0.044 0.000 0.000 0.000 0.000 0.000 0.000 0.000 0.000 0.000 0.000 1.044
0.000 0.042 0.000 0.000 -0.000 0.000 0.000 0.000 0.000 0.000 -0.000 0.000 0.958

Real

: err true-train.  = ( 1704 1922 1220 ) (4846);  61.4 % 
: err true-test.  = ( 75 0 924 ) (999);  92.0 % 
: err train-test.  = ( 1779 1922 1507 ) (5208);  58.5 % 

5:-28426644.097843558
4:-7401740.924738964
12:-6889499.0474517755
7:-1523095.0938852532
6:-19687.13015450002
1:-4889.274387689072
8:-647.1512818294717
2:-0.019959622209275864
3:-0.0197252116723651
11:-0.01777876944258524
9:-0.016147473824811194
10:-0.011433020673088578
14:-0.000867032232224369
13:-0.0008400168918809095

Train

: err true-train.  = ( 3397 4737 3804 ) (11938);  4.9 % 
: err true-test.  = ( 3479 4737 3803 ) (12019);  4.2 % 
: err train-test.  = ( 492 211 18 ) (721);  94.3 % 

5:-12332622.060344242
12:-4156847.7839505756
4:-3873769.4927957263
7:-813837.5147721213
6:-17913.718119151996
1:-4757.804329240284
8:-1874.0876028844314
9:-0.01673892060437487
2:-0.013995588796200992
3:-0.012824324216792669
11:-0.005046557510327159
10:-0.004047948850758378
13:-0.000639595534790329
14:-0.0006149917134770876

Summer 15 Equal

Euclideo

Perfect [[3227, 0, 0], [0, 3320, 0], [0, 0, 3179]]
Train [[3227, 491, 0], [0, 1957, 1475], [0, 872, 1704]]

Clusters purity:70.8491815642564
Clusters purity 2:70.82048118445404
Rand index:0.7554407104271433
Information criterion: 0.24513550117729302
Tries: 49
Steps: 25
Time: 10119.873653888702

0.000 0.590 0.000 -0.000 -0.011 -0.001 0.406 -0.145 0.000 0.158 0.001 0.000 0.000
0.000 1.000 0.000 0.000 0.000 0.000 0.000 0.000 0.000 0.000 0.000 0.000 0.000
0.000 1.000 0.000 0.000 0.000 0.000 0.000 0.000 0.000 0.000 0.000 -0.000 0.000
6.514 0.000 0.000 0.026 14.124 -0.161 -262.085 -48.486 36.225 0.000 0.000 -5880.443 6135.426
-90.819 0.000 0.000 1.130 135.904 -1.914 -4743.827 -305.986 192.388 0.000 0.029 -108367.333 113179.149
0.000 0.000 0.000 0.001 0.000 -0.001 22.229 0.000 7.494 -6.567 -0.000 505.674 -527.829
-2.983 0.000 0.000 -0.031 -0.008 -6.302 167.680 16.187 -6.415 0.000 0.004 3846.211 -4013.515
0.000 0.000 0.996 -0.000 -0.000 0.044 0.000 -0.093 0.000 0.052 0.000 0.000 0.000
-0.000 0.000 0.000 0.000 0.000 0.000 0.000 0.000 3.800 -2.800 0.000 0.000 0.000
0.000 0.000 0.000 0.000 0.000 0.000 -0.000 0.000 0.263 0.737 0.000 0.000 0.000
0.000 0.000 0.000 0.000 0.000 0.000 0.000 -0.000 -0.357 1.357 0.000 0.000 0.000
44.343 0.000 0.000 0.000 0.003 -8.245 0.099 137.518 0.000 0.000 8.659 4315.505 -4496.273
0.000 0.000 -0.044 0.000 -0.000 -0.000 0.000 0.000 0.000 0.000 0.000 0.000 1.044
0.000 0.042 0.000 0.000 0.000 0.000 0.000 -0.000 -0.000 0.000 0.000 0.000 0.958

0.000 0.974 0.000 0.000 0.002 0.000 0.030 0.000 0.000 -0.002 -0.000 0.000 -0.004
0.000 0.000 0.000 0.000 0.000 0.000 0.000 0.000 0.000 0.000 0.000 -22.829 23.829
0.000 0.000 0.000 0.000 0.000 0.000 0.000 0.000 0.000 0.000 0.000 -22.829 23.829
16.993 0.000 0.000 0.042 17.485 -0.282 -242.687 0.000 -57.771 42.213 0.011 -5163.569 5388.352
938.794 0.000 -5095.571 1.931 -310.566 -1.197 4128.855 0.000 772.994 -470.798 0.423 38.330 0.000
0.275 -20.504 0.000 0.003 -0.001 -0.006 20.213 0.000 10.412 -9.461 0.001 0.000 0.074
34.177 0.000 0.000 -0.072 -0.007 -9.134 301.930 41.576 0.000 -29.073 -0.002 7775.348 -8113.408
0.013 0.988 0.000 -0.000 0.000 0.045 0.000 -0.160 0.000 0.118 -0.000 0.000 -0.003
0.000 0.000 0.000 -0.000 -0.000 0.000 0.000 0.000 3.800 -2.800 0.000 0.000 0.000
0.000 0.000 0.000 0.000 0.000 0.000 0.000 0.000 0.263 0.737 0.000 0.000 0.000
0.000 0.000 0.000 0.000 0.000 0.000 0.000 0.000 -0.357 1.357 0.000 0.000 0.000
-65.046 619.116 0.000 0.077 0.063 34.541 -0.049 -547.751 -98.143 64.492 0.000 -9.336 0.000
0.000 0.000 -0.044 0.000 -0.000 0.000 0.000 0.000 0.000 0.000 0.000 0.000 1.044
-0.000 0.042 0.000 0.000 -0.000 0.000 0.000 -0.000 -0.000 0.000 0.000 0.000 0.958

0.000 0.733 0.000 0.000 -0.009 0.000 0.269 0.054 0.000 -0.047 0.000 -0.001 0.000
-0.000 0.000 0.000 0.000 0.000 0.000 0.000 0.000 0.000 0.000 0.000 -22.830 23.830
0.000 0.000 0.000 -0.000 0.000 0.000 -0.000 0.000 0.000 0.000 0.000 -22.830 23.830
486.002 0.000 0.000 0.059 125.709 -0.287 -3077.026 -491.432 0.000 377.826 0.129 -59732.621 62310.762
299.734 -5918.508 0.000 0.092 -311.126 -1.616 5588.042 426.141 0.000 -130.830 0.330 45.377 0.000
-0.674 -24.492 0.000 0.000 -0.001 -0.005 25.210 0.000 12.738 -11.811 0.001 0.030 0.000
38.854 0.000 0.000 -0.001 -0.005 -9.058 329.902 65.748 -53.689 0.000 -0.043 8577.657 -8948.266
0.029 0.000 0.969 -0.000 0.000 0.038 0.000 -0.144 0.000 0.108 -0.000 -0.001 0.000
0.144 0.000 3.280 -0.000 0.000 0.119 0.001 -3.435 0.890 0.000 0.000 0.000 0.001
0.000 0.000 0.000 0.000 -0.000 0.000 0.000 -0.000 0.263 0.737 0.000 0.000 0.000
-0.051 0.000 -1.172 0.000 -0.000 -0.043 -0.000 1.227 0.000 1.039 -0.000 -0.000 0.000
114.824 0.000 0.000 0.008 0.013 11.865 -0.495 -288.179 6.836 0.000 -18.420 -3616.276 3786.954
0.000 0.000 -0.044 0.000 -0.000 -0.000 -0.000 0.000 0.000 0.000 -0.000 0.000 1.044
-0.000 0.042 0.000 -0.000 0.000 0.000 -0.000 -0.000 -0.000 0.000 0.000 0.000 0.958

Real

: err true-train.  = ( 0 1363 1475 ) (2838);  70.8 % 
: err true-test.  = ( 0 1231 252 ) (1483);  84.8 % 
: err train-test.  = ( 0 413 1291 ) (1704);  82.5 % 

5:-5075288.658698604
4:-533594.3594867301
12:-248503.82134184512
7:-18318.7596124404
6:-7.3216787456248325
1:-0.5038995693841173
8:-0.013093751557782696
13:-0.00013229647518642196
14:-0.0001215364918891737
9:-2.0825332756012338e-10
11:-2.6898774657321822e-11
10:-1.6918034030991014e-11
2:1.871569565992104e-11
3:1.6206742259328166e-07

Train

: err true-train.  = ( 491 1475 872 ) (2838);  70.8 % 
: err true-test.  = ( 491 1483 866 ) (2840);  70.8 % 
: err train-test.  = ( 0 8 6 ) (14);  99.9 % 

5:-3313826.844254334
4:-397960.9509887417
12:-222688.45709014125
7:-6618.283920404987
6:-7.080555687206105
1:-0.32893215140652643
9:-0.027926890888530287
8:-0.010427800995479686
11:-0.004632742319298649
3:-1.0192619797066982e-06
2:-3.505471681819472e-07
14:-2.2877841843182978e-09
13:2.972868458073208e-07
10:0.0007043223724209054

Total

Perfect [[3227, 0, 0], [0, 0, 3179], [0, 3320, 0]]
Train [[3227, 501, 0], [0, 996, 1704], [0, 1823, 1475]]

Clusters purity:69.50380003815198
Clusters purity 2:69.44273082459387
Rand index:0.7516684560558268
Information criterion: 0.24840189254030823
Tries: 49
Steps: 25
Time: 8290.593532800674

0.000 0.000 0.000 -0.000 -0.037 -0.001 0.998 -0.137 0.175 0.000 0.001 -0.000 0.000
0.000 1.000 -0.000 0.000 0.000 -0.000 0.000 0.000 0.000 0.000 -0.000 0.000 0.000
0.000 1.000 0.000 -0.000 0.000 0.000 0.000 0.000 0.000 0.000 0.000 0.000 0.000
6.405 259.576 0.000 0.026 14.198 -0.162 -263.947 -39.173 0.000 26.848 0.002 0.000 -2.634
-89.781 4500.147 0.000 1.141 123.982 -1.973 -4494.784 -237.082 0.000 134.782 0.024 62.264 0.000
-0.009 0.000 -22.153 0.001 0.000 -0.001 22.239 1.981 0.000 -1.054 -0.000 -0.004 0.000
-3.128 -128.691 0.000 -0.033 -0.009 -4.730 127.914 8.350 0.000 0.000 0.004 1.151 0.000
0.000 0.000 0.996 -0.000 -0.000 0.044 0.000 -0.112 0.071 0.000 0.000 0.000 0.000
-0.000 0.000 0.000 0.000 0.000 0.000 0.000 0.000 3.800 -2.800 0.000 0.000 0.000
0.000 0.000 0.000 0.000 0.000 0.000 -0.000 0.000 0.263 0.737 0.000 0.000 -0.000
0.000 0.000 0.000 -0.000 -0.000 0.000 0.000 -0.000 -0.357 1.357 -0.000 0.000 0.000
44.127 -171.232 0.000 0.011 0.003 -7.309 0.103 120.172 0.000 0.000 7.760 7.969 0.000
0.000 -0.044 0.000 0.000 -0.000 0.000 -0.000 0.000 0.000 0.000 -0.000 0.000 1.044
0.000 0.042 0.000 0.000 0.000 0.000 0.000 0.000 0.000 -0.000 0.000 0.000 0.958

0.000 1.001 -0.000 0.000 0.000 0.000 0.000 -0.001 0.000 0.000 0.000 0.000 -0.001
0.000 1.000 0.000 -0.000 0.000 -0.000 0.000 0.000 0.000 0.000 -0.000 0.000 0.000
0.000 1.000 0.000 0.000 0.000 0.000 0.000 0.000 -0.000 0.000 0.000 0.000 0.000
47.871 0.000 2371.288 0.064 100.128 -0.073 -2392.541 -489.667 397.262 0.000 0.148 0.000 -36.659
399.204 -5395.827 0.000 0.109 -289.548 -1.164 4962.634 0.000 1197.991 -920.257 -0.347 49.246 0.000
0.000 0.000 -24.750 0.000 -0.001 -0.007 24.772 0.000 12.449 -11.511 -0.000 0.000 0.046
48.067 -432.273 0.000 -0.000 -0.005 -10.697 376.733 72.702 -59.199 0.000 -0.016 5.765 0.000
0.000 0.999 0.000 -0.000 0.000 0.038 0.000 -0.146 0.000 0.109 0.000 -0.002 0.000
0.000 0.000 0.000 0.000 0.000 0.000 0.000 0.000 3.800 -2.800 0.000 -0.000 0.000
0.000 0.000 0.000 0.000 0.000 0.000 -0.000 0.000 0.263 0.737 -0.000 0.000 0.000
0.000 0.000 0.000 0.000 0.000 0.000 0.000 0.000 -0.357 1.357 0.000 0.000 -0.000
22.810 0.000 22.546 0.006 -0.010 -0.791 -0.075 -55.120 0.000 0.000 0.000 9.562 0.000
0.000 0.000 -0.044 0.000 0.000 0.000 0.000 0.000 0.000 0.000 0.000 0.000 1.044
0.000 0.000 0.042 -0.000 -0.000 -0.000 0.000 0.000 0.000 -0.000 0.000 -0.000 0.958

0.000 1.007 0.000 0.000 0.004 0.000 0.000 0.005 -0.010 0.000 -0.000 -0.007 0.000
0.000 1.000 -0.000 0.000 0.000 0.000 0.000 -0.000 0.000 0.000 -0.000 0.000 0.000
0.000 1.000 0.000 -0.000 0.000 -0.000 0.000 0.000 0.000 0.000 0.000 0.000 0.000
563.670 0.000 191.527 0.048 43.738 -1.173 -756.901 -117.482 0.000 81.385 0.014 -4.268 0.000
528.290 -4502.013 0.000 0.288 -302.361 -1.309 3932.924 0.000 796.689 -500.964 0.504 52.205 0.000
0.000 0.000 -20.493 0.001 -0.001 -0.007 20.473 2.798 0.000 -1.841 0.001 0.075 0.000
17.637 -351.504 0.000 -0.035 -0.007 -10.557 331.739 56.708 -42.986 0.000 0.003 0.192 0.000
0.000 1.001 0.000 -0.000 0.000 0.044 0.000 -0.163 0.000 0.121 -0.000 0.000 -0.003
0.000 0.000 0.000 0.000 -0.000 0.000 0.000 -0.000 3.800 -2.800 0.000 0.000 0.000
0.000 0.000 0.000 0.000 0.000 -0.000 -0.000 0.000 0.263 0.737 0.000 0.000 -0.000
0.000 0.000 0.000 0.000 0.000 -0.000 0.000 0.000 -0.357 1.357 0.000 0.000 0.000
0.000 623.963 0.000 0.014 0.074 39.432 0.092 -623.796 0.000 -273.432 234.856 0.000 -2.670
0.000 -0.044 0.000 0.000 0.000 0.000 0.000 0.000 0.000 0.000 0.000 0.000 1.044
0.000 0.042 0.000 0.000 0.000 0.000 0.000 0.000 0.000 0.000 0.000 0.000 0.958

Real

: err true-train.  = ( 0 1475 1497 ) (2972);  69.4 % 
: err true-test.  = ( 0 52 836 ) (888);  90.9 % 
: err train-test.  = ( 0 1475 713 ) (2188);  77.5 % 

5:-18775322.954989176
4:-5304070.734394328
12:-4771381.637720709
7:-1065889.412259359
6:-14639.77718282216
1:-4189.56568083013
8:-1525.6983595059799
9:-0.02927038712111015
2:-0.017813219651616547
3:-0.01735586195292231
11:-0.011981403798324181
10:-0.008118481250246846
14:-0.0007781063198245557
13:-0.0007362835578146264

Train

: err true-train.  = ( 501 996 1475 ) (2972);  69.4 % 
: err true-test.  = ( 500 988 1484 ) (2972);  69.4 % 
: err train-test.  = ( 1 47 9 ) (57);  99.4 % 

5:-14466276.168311104
4:-3778733.268857127
12:-3158173.2751249773
7:-709559.6080060285
6:-14802.185104685079
1:-2362.079284276524
8:-457.3461143170308
9:-0.019048747643795456
2:-0.010502429648490836
3:-0.009200975140621102
11:-0.006657586279409847
10:-0.004505593111039417
14:-0.0005161222518214767
13:-0.0004575154488141074
