Winter 15

Eucl

Perfect [[0, 0, 6401], [5445, 0, 0], [0, 15538, 0]]
Train [[198, 5266, 3603], [4141, 2213, 0], [1106, 8059, 2798]]

Clusters purity:53.93630702386948
Clusters purity 2:63.781770376862404
Rand index:0.5943824750411569
Information criterion: 0.33284623334708624
Tries: 49
Steps: 25
Time: 53244.840455532074

0.000 4.394 0.002 0.001 0.216 0.002 -3.391 -0.387 0.000 0.176 -0.000 0.000 -0.011
0.000 0.000 0.000 0.000 0.000 0.000 0.000 0.000 0.000 -0.000 0.000 -22.829 23.829
0.000 0.000 0.000 0.000 0.000 -0.000 0.000 0.000 0.000 0.000 0.000 -22.829 23.829
0.333 -10.262 0.000 0.004 -0.195 0.005 11.014 2.577 -2.475 0.000 -0.002 -0.043 0.000
165.306 0.000 -1481.958 5.471 -117.239 -1.927 1299.009 0.000 78.488 36.463 -0.151 0.000 7.965
0.130 -17.530 0.000 -0.001 -0.000 -0.006 17.421 0.000 3.675 -2.714 -0.000 0.022 0.000
10.471 0.000 -976.652 0.118 -0.036 -50.993 967.515 102.154 -51.020 0.000 0.018 -1.535 0.000
-0.006 0.000 1.006 0.000 0.000 0.055 0.000 -0.068 0.000 0.015 0.000 0.000 -0.002
0.000 0.000 0.000 -0.000 0.000 0.000 0.000 0.000 3.800 -2.800 0.000 0.000 0.000
0.000 0.000 0.000 0.000 0.000 0.000 0.000 0.000 0.263 0.737 0.000 0.000 0.000
0.000 0.000 0.000 0.000 0.000 0.000 0.000 0.000 -0.357 1.357 0.000 -0.000 0.000
-35.752 0.000 -645.339 -0.795 -0.054 -35.051 0.356 685.208 68.213 0.000 -37.631 0.370 0.000
0.000 -0.044 0.000 0.000 0.000 0.000 0.000 0.000 0.000 0.000 0.000 0.000 1.044
0.000 0.042 0.000 0.000 0.000 0.000 0.000 0.000 0.000 -0.000 0.000 0.000 0.958

0.000 2.168 -0.001 0.000 0.087 -0.000 -1.167 -0.134 0.000 0.058 -0.001 0.000 -0.005
0.000 1.000 0.000 0.000 -0.000 0.000 -0.000 0.000 0.000 -0.000 0.000 0.000 0.000
0.000 1.000 0.000 -0.000 0.000 -0.000 -0.000 -0.000 0.000 0.000 -0.000 0.000 0.000
-0.603 60.371 0.000 0.008 3.442 -0.014 -58.383 -8.755 5.569 0.000 -0.009 0.000 -0.680
183.432 0.000 -4761.417 14.565 -304.724 -1.050 4524.799 0.000 1990.267 -1696.415 1.916 53.564 0.000
0.151 0.000 0.000 0.012 -0.001 -0.003 20.932 0.000 9.174 -8.241 0.002 480.618 -501.643
-2.280 0.000 -277.981 -0.190 -0.008 -10.270 276.691 59.289 -45.544 0.000 -0.030 1.509 0.000
-0.004 0.000 1.002 -0.000 0.000 0.046 0.000 -0.121 0.000 0.078 -0.000 -0.001 0.000
0.000 0.000 -0.000 0.000 0.000 0.000 0.000 0.000 3.800 -2.800 0.000 0.000 0.000
0.000 0.000 0.000 0.000 0.000 0.000 0.000 0.000 0.263 0.737 0.000 0.000 0.000
0.000 0.000 -0.000 0.000 0.000 0.000 0.000 0.000 -0.357 1.357 0.000 0.000 0.000
-24.924 703.791 0.000 -0.770 0.089 37.601 -0.183 -682.921 -128.793 93.693 0.000 1.549 0.000
0.000 0.000 -0.044 -0.000 0.000 0.000 0.000 0.000 0.000 0.000 0.000 0.000 1.044
0.000 0.000 0.042 0.000 0.000 0.000 0.000 -0.000 0.000 0.000 0.000 0.000 0.958

0.000 8.672 0.012 0.001 0.498 -0.002 -7.726 -0.631 0.172 0.000 -0.001 0.009 0.000
-0.000 1.000 0.000 0.000 0.000 0.000 -0.000 0.000 0.000 -0.000 0.000 0.000 0.000
0.000 1.000 0.000 0.000 0.000 0.000 -0.000 -0.000 0.000 0.000 0.000 0.000 0.000
2.881 0.000 -5.296 0.005 0.577 -0.012 3.578 -2.629 2.065 0.000 0.005 -0.219 0.000
156.526 0.000 -3451.613 6.421 -313.768 -0.428 3252.111 0.000 202.530 102.212 -0.222 47.793 0.000
0.253 -17.118 0.000 0.001 -0.001 -0.006 16.879 0.000 3.624 -2.663 -0.000 0.027 0.000
-6.389 0.000 0.000 -0.209 -0.006 -45.446 880.449 80.209 -33.717 0.000 0.000 19956.343 -20830.405
-0.013 0.000 1.012 0.000 0.000 0.055 0.000 -0.069 0.000 0.016 0.000 -0.001 0.000
-0.000 0.000 0.000 0.000 0.000 0.000 0.000 0.000 3.800 -2.800 0.000 0.000 0.000
0.000 0.000 0.000 0.000 0.000 0.000 0.000 0.000 0.263 0.737 0.000 0.000 0.000
0.000 -0.000 0.000 0.000 0.000 0.000 0.000 0.000 -0.357 1.357 0.000 0.000 0.000
-66.445 0.000 0.000 2.313 -0.072 -61.343 0.000 1049.383 117.228 -60.536 0.000 22691.217 -23672.566
0.000 -0.044 0.000 0.000 0.000 0.000 0.000 -0.000 -0.000 0.000 0.000 0.000 1.044
0.000 0.042 0.000 0.000 -0.000 -0.000 -0.000 0.000 0.000 0.000 0.000 0.000 0.958

Real

: err true-train.  = ( 2798 1304 7479 ) (11581);  57.7 % 
: err true-test.  = ( 112 200 730 ) (1042);  96.2 % 
: err train-test.  = ( 2798 1302 6856 ) (10956);  60.0 % 

5:-2487219.0646870662
12:-771301.4706451915
7:-477471.7031019416
4:-663.0781327350362
1:-25.49931092905593
6:-6.402490948093982
9:-0.066262514822227
8:-0.044997252365391205
2:-4.22748058781508e-09
13:-3.2046969522525615e-09
14:-2.9033770942987758e-09
10:2.1955251505723083e-10
3:1.7976873323277687e-09
11:0.00015917155185611598

Train

: err true-train.  = ( 3801 6354 10857 ) (21012);  23.3 % 
: err true-test.  = ( 3924 6234 10801 ) (20959);  23.5 % 
: err train-test.  = ( 331 190 150 ) (671);  97.5 % 

5:-2464080.733492388
12:-317005.83611570206
7:-25355.91213745241
4:-542.6681400430812
6:-6.5910869136145465
1:-3.848040185684418
8:-0.016400367357718437
3:-9.0504784964196e-06
14:-7.989058303792262e-10
10:8.746654442393087e-12
11:1.88224904412726e-11
9:2.5090594185650517e-10
13:1.757913210553852e-07
2:4.020769864609974e-06

Total

Perfect [[0, 15538, 0], [5445, 0, 0], [0, 0, 6401]]
Train [[1967, 2806, 0], [3478, 3399, 2735], [0, 9333, 3666]]

Clusters purity:47.33323751484507
Clusters purity 2:57.029652351738235
Rand index:0.5874379156857717
Information criterion: 0.3414221094357908
Tries: 49
Steps: 25
Time: 36836.23849463463

0.000 0.359 0.004 0.000 0.000 -0.001 0.636 0.000 0.000 0.003 -0.000 0.000 0.000
0.000 1.000 -0.000 -0.000 -0.000 0.000 0.000 0.000 0.000 0.000 -0.000 0.000 0.000
0.000 1.000 0.000 0.000 0.000 0.000 0.000 0.000 -0.000 0.000 0.000 0.000 0.000
5.916 -4.138 0.000 0.009 0.952 -0.012 0.000 -0.800 -0.065 0.000 -0.005 0.000 -0.853
97.819 -1981.534 0.000 9.206 -209.931 -2.668 1810.552 0.000 -539.738 751.583 0.264 61.691 0.000
-0.282 0.000 -19.880 0.001 -0.000 -0.004 20.206 1.891 0.000 -0.949 0.000 0.014 0.000
-19.595 -597.382 0.000 -0.099 -0.023 -29.373 613.839 111.151 -79.654 0.000 -0.005 2.289 0.000
0.017 0.981 0.000 -0.000 0.000 0.048 0.000 0.000 -0.390 0.345 -0.000 0.000 -0.000
0.000 0.000 0.000 -0.000 -0.000 0.000 0.000 -0.000 3.800 -2.800 0.000 0.000 0.000
0.000 0.000 0.000 0.000 0.000 0.000 -0.000 0.000 0.263 0.737 -0.000 0.000 -0.000
-0.000 0.000 0.000 0.000 -0.000 0.000 0.000 0.000 -0.357 1.357 0.000 0.000 0.000
-7.913 97.637 0.000 -0.431 0.025 7.818 -0.060 -94.078 0.000 0.000 -5.859 4.309 0.000
0.000 0.000 -0.044 0.000 0.000 0.000 0.000 0.000 0.000 0.000 0.000 0.000 1.044
0.000 0.000 0.042 0.000 -0.000 -0.000 0.000 0.000 0.000 0.000 0.000 0.000 0.958

0.000 0.960 0.017 0.000 0.027 -0.003 0.000 -0.018 0.000 0.007 -0.001 0.013 0.000
0.000 1.000 0.000 0.000 -0.000 0.000 0.000 0.000 0.000 0.000 0.000 0.000 -0.000
0.000 1.000 0.000 -0.000 0.000 0.000 0.000 0.000 0.000 0.000 -0.000 0.000 0.000
3.601 -2.536 0.000 0.002 0.281 -0.001 0.000 -2.796 2.504 0.000 -0.000 -0.090 0.000
108.281 0.000 0.000 5.798 -197.945 -1.074 1832.664 -41.900 239.971 0.000 0.255 45850.821 -47793.097
0.424 -19.858 0.000 0.003 -0.001 -0.003 19.442 0.000 6.602 -5.662 -0.000 0.050 0.000
-8.401 0.000 -216.461 -0.013 -0.008 -8.055 221.045 39.082 0.000 -27.267 0.017 1.368 0.000
-0.019 0.000 1.018 -0.000 0.000 0.047 0.000 -0.104 0.000 0.059 0.000 0.000 -0.001
0.000 0.000 -0.000 0.000 0.000 0.000 0.000 0.000 3.800 -2.800 0.000 0.000 0.000
0.000 0.000 0.000 0.000 0.000 -0.000 0.000 0.000 0.263 0.737 0.000 0.000 0.000
-0.000 0.000 0.000 -0.000 -0.000 0.000 0.000 0.000 -0.357 1.357 0.000 0.000 0.000
-74.890 0.000 -92.322 -0.171 0.050 -6.046 0.421 165.666 0.000 -103.623 106.797 0.000 3.608
0.000 -0.044 0.000 0.000 0.000 0.000 0.000 0.000 0.000 0.000 0.000 0.000 1.044
0.000 0.042 0.000 0.000 -0.000 0.000 0.000 0.000 0.000 0.000 0.000 -0.000 0.958

1.002 0.000 0.009 0.001 0.065 -0.001 0.000 -0.195 0.000 0.129 -0.000 -0.017 0.000
0.000 1.000 0.000 0.000 0.000 -0.000 0.000 0.000 0.000 0.000 0.000 0.000 0.000
0.000 1.000 0.000 -0.000 -0.000 0.000 0.000 0.000 0.000 0.000 -0.000 0.000 0.000
1.086 0.000 0.056 0.003 0.266 -0.008 0.000 -0.401 0.000 0.134 0.000 0.000 -0.190
214.721 0.000 -637.879 6.730 -69.561 -0.402 390.553 0.000 484.109 -417.231 -0.041 0.000 25.924
0.114 -17.227 0.000 0.001 -0.000 -0.005 17.142 0.919 0.000 0.040 -0.000 0.000 0.012
2.987 0.000 -1098.287 -0.246 -0.007 -57.301 1096.887 98.725 -41.523 0.000 0.002 -0.891 0.000
-0.005 0.000 1.004 -0.000 0.000 0.056 0.000 -0.069 0.016 0.000 0.000 -0.001 0.000
0.000 0.000 0.000 -0.000 -0.000 0.000 0.000 0.000 3.800 -2.800 0.000 0.000 0.000
0.000 0.000 0.000 0.000 0.000 0.000 -0.000 0.000 0.263 0.737 0.000 0.000 0.000
0.000 0.000 0.000 0.000 0.000 0.000 0.000 0.000 -0.357 1.357 0.000 0.000 -0.000
-8.431 0.000 -307.580 0.128 -0.011 -5.665 0.036 313.167 0.000 221.545 -216.112 4.739 0.000
0.000 -0.044 0.000 0.000 0.000 0.000 0.000 0.000 0.000 0.000 0.000 0.000 1.044
0.000 0.042 0.000 0.000 0.000 0.000 0.000 0.000 0.000 0.000 0.000 -0.000 0.958

Real

: err true-train.  = ( 12732 1967 2735 ) (17434);  36.3 % 
: err true-test.  = ( 896 212 225 ) (1333);  95.1 % 
: err train-test.  = ( 12669 1783 2510 ) (16962);  38.1 % 

5:-16244036.918195233
12:-10461486.380887682
7:-9155429.909028959
4:-239476.61358934126
1:-65097.91506796291
6:-40632.07741565428
8:-2030.8485425507993
9:-0.1992786905155129
2:-0.0711552835789246
3:-0.06773375362222747
11:-0.04348190500412018
10:-0.03027190951102472
13:-0.006211639520747702
14:-0.005163799235040571

Train

: err true-train.  = ( 1967 6134 9333 ) (17434);  36.3 % 
: err true-test.  = ( 1973 6089 9543 ) (17605);  35.7 % 
: err train-test.  = ( 114 522 496 ) (1132);  95.9 % 

5:-19703925.87471492
12:-13172011.919771379
7:-1805579.5430184754
4:-327514.0570868021
1:-30032.1059068511
6:-25118.127375008007
8:-1413.1034559284822
2:-0.035967713673351664
3:-0.03443565286272034
9:-0.02304030231680136
11:-0.009207076928635531
10:-0.007084636943837988
14:-0.002071490923687914
13:-0.0018171204039315846

Winter 15 reducido

Eucl

Perfect [[0, 6455, 0], [5445, 0, 0], [0, 0, 6401]]
Train [[2625, 3899, 160], [2622, 309, 0], [198, 2247, 6241]]

Clusters purity:68.68581635748158
Clusters purity 2:69.7338943227146
Rand index:0.7170960110573551
Information criterion: 0.28575819248912215
Tries: 49
Steps: 25
Time: 35567.973829746246

0.000 5.696 0.010 0.000 0.284 0.001 -4.713 -0.585 0.322 0.000 -0.001 0.000 -0.007
0.000 1.000 0.000 0.000 0.000 -0.000 -0.000 0.000 0.000 -0.000 0.000 0.000 0.000
0.000 1.000 0.000 0.000 -0.000 0.000 0.000 0.000 0.000 0.000 0.000 0.000 0.000
1.943 0.000 3.247 0.005 0.788 -0.008 -4.026 -4.429 3.670 0.000 0.002 -0.236 0.000
178.123 0.000 -3156.098 9.244 -272.538 -1.231 2924.966 0.000 809.691 -541.004 0.507 52.041 0.000
0.257 -19.240 0.000 0.004 -0.001 -0.007 18.987 0.000 6.444 -5.484 0.000 0.040 0.000
3.613 -738.333 0.000 -0.178 -0.014 -34.467 732.614 94.980 -59.045 0.000 0.012 1.618 0.000
-0.011 0.000 1.010 -0.000 0.000 0.049 0.000 -0.097 0.000 0.050 -0.000 -0.001 0.000
-0.054 4.576 0.000 -0.002 0.000 0.201 0.002 -4.529 0.808 0.000 -0.000 -0.002 0.000
0.000 0.000 0.000 -0.000 0.000 0.000 -0.000 -0.000 0.263 0.737 -0.000 0.000 0.000
0.019 -1.634 0.000 0.001 -0.000 -0.072 -0.001 1.617 0.000 1.068 0.000 0.001 0.000
-88.474 361.291 0.000 0.718 0.113 24.982 0.233 -275.801 0.000 -127.251 101.905 2.012 0.000
0.000 -0.044 0.000 0.000 0.000 0.000 0.000 0.000 0.000 0.000 0.000 0.000 1.044
0.000 0.042 0.000 0.000 0.000 0.000 0.000 0.000 0.000 0.000 0.000 0.000 0.958

0.000 1.680 -0.001 0.000 0.050 -0.000 -0.679 -0.160 0.000 0.115 0.000 0.000 -0.005
0.000 1.000 0.000 0.000 0.000 0.000 0.000 0.000 0.000 0.000 0.000 0.000 0.000
0.000 1.000 0.000 0.000 0.000 0.000 0.000 0.000 0.000 0.000 0.000 0.000 0.000
-2.531 105.436 0.000 0.013 5.851 -0.035 -101.439 -7.899 0.000 2.457 -0.056 0.000 -0.989
145.895 -5848.921 0.000 16.320 -342.030 -1.126 5659.232 0.000 1384.944 -1053.534 4.667 45.125 0.000
0.240 0.000 0.000 0.014 -0.001 0.001 21.375 0.000 9.738 -8.814 0.003 492.178 -513.723
-3.736 0.000 0.000 -0.181 -0.005 2.043 10.980 11.789 0.000 -9.911 0.036 258.594 -268.910
-0.007 0.000 1.004 -0.001 0.000 0.045 0.000 -0.161 0.119 0.000 -0.000 -0.000 0.000
0.000 0.000 0.000 -0.000 0.000 0.000 0.000 0.000 3.800 -2.800 0.000 0.000 0.000
0.000 0.000 0.000 0.000 0.000 0.000 0.000 0.000 0.263 0.737 0.000 0.000 0.000
0.000 0.000 0.000 0.000 0.000 0.000 0.000 0.000 -0.357 1.357 0.000 0.000 -0.000
3.624 285.547 0.000 -0.724 0.047 15.829 0.090 -290.800 0.000 -87.660 71.103 1.522 0.000
-0.000 -0.044 0.000 0.000 -0.000 0.000 0.000 -0.000 -0.000 0.000 -0.000 0.000 1.044
-0.000 0.042 0.000 0.000 0.000 -0.000 0.000 0.000 0.000 0.000 0.000 0.000 0.958

0.000 2.712 0.009 0.000 0.115 0.000 -1.743 -0.092 0.000 -0.015 -0.000 0.018 0.000
0.000 1.000 0.000 0.000 -0.000 0.000 0.000 0.000 0.000 0.000 0.000 0.000 0.000
0.000 1.000 0.000 0.000 0.000 0.000 -0.000 -0.000 0.000 0.000 0.000 0.000 0.000
2.944 -10.517 0.000 0.004 0.000 -0.017 8.495 1.511 0.000 -1.500 0.002 0.039 0.000
97.355 0.000 -698.280 3.754 -87.705 -1.061 586.183 -149.062 0.000 233.848 -0.295 6.671 0.000
0.058 0.000 0.000 0.000 -0.000 -0.005 15.876 0.000 2.068 -1.106 0.000 362.921 -378.815
1.463 0.000 0.000 -0.298 -0.021 -58.620 996.454 60.975 0.000 -2.001 -0.009 22739.035 -23736.639
-0.003 0.000 1.001 0.000 0.000 0.061 0.000 -0.043 -0.015 0.000 0.000 -0.000 0.000
-0.000 0.000 0.000 0.000 0.000 0.000 0.000 0.000 3.800 -2.800 0.000 0.000 0.000
0.000 0.000 0.000 0.000 0.000 0.000 0.000 0.000 0.263 0.737 0.000 0.000 0.000
-0.000 0.000 0.000 0.000 0.000 0.000 0.000 0.000 -0.357 1.357 0.000 0.000 0.000
-18.804 0.000 0.000 1.161 -0.185 6.333 -0.297 0.000 0.000 72.269 -78.287 -127.898 144.390
0.000 -0.044 0.000 0.000 -0.000 -0.000 -0.000 0.000 0.000 0.000 0.000 0.000 1.044
0.000 0.000 0.042 0.000 0.000 0.000 0.000 -0.000 -0.000 0.000 0.000 0.000 0.958

Real

: err true-train.  = ( 2556 2823 160 ) (5539);  69.7 % 
: err true-test.  = ( 803 199 154 ) (1156);  93.7 % 
: err train-test.  = ( 2509 2822 160 ) (5491);  70.0 % 

5:-1969121.341108306
12:-551895.9436462787
7:-376536.3640076094
4:-505.6888758992371
1:-19.74139253032029
6:-12.399570482132788
9:-0.17841876189811937
8:-0.040578342728530004
11:-0.025431385171644838
13:-4.704574507741199e-10
14:-2.0823875956921256e-10
2:4.083346993866144e-10
3:4.2231107499901555e-10
10:0.0010686034016808166

Train

: err true-train.  = ( 2785 309 2445 ) (5539);  69.7 % 
: err true-test.  = ( 2746 451 2431 ) (5628);  69.2 % 
: err train-test.  = ( 45 150 50 ) (245);  98.7 % 

5:-4704793.116697219
12:-251788.29001085946
7:-47605.6592101596
4:-1260.035588613997
6:-18.808961736248566
1:-2.5350464391000074
8:-0.04319933580512725
9:-0.04057460945149067
11:-0.0067738981981635225
13:-2.365013074268063e-09
14:-2.3255282144418743e-09
2:-2.128949461166485e-09
3:-6.092051307859947e-10
10:0.0008659091651867477

Total

Perfect [[0, 0, 6401], [0, 6455, 0], [5445, 0, 0]]
Train [[0, 1108, 5088], [3005, 3174, 1267], [2440, 2173, 46]]

Clusters purity:57.82350636536188
Clusters purity 2:58.47767881536529
Rand index:0.669096949821787
Information criterion: 0.33420539316815634
Tries: 49
Steps: 25
Time: 23527.10434603691

0.972 0.000 0.011 0.000 0.010 -0.000 0.000 0.214 -0.219 0.000 0.000 0.017 0.000
0.000 1.000 -0.000 0.000 0.000 0.000 0.000 -0.000 0.000 0.000 -0.000 0.000 0.000
0.000 1.000 0.000 -0.000 0.000 0.000 0.000 0.000 0.000 0.000 0.000 0.000 0.000
4.005 -11.682 0.000 0.005 0.000 -0.036 8.656 1.352 0.000 -1.305 0.000 0.000 -0.105
103.415 0.000 -652.522 6.028 -92.561 -0.480 534.791 0.000 -830.082 920.444 -0.106 6.885 0.000
0.000 0.000 -15.725 0.000 -0.000 -0.005 15.765 0.000 2.057 -1.094 0.000 -0.002 0.000
-3.565 0.000 -984.680 -0.870 -0.010 -59.143 990.806 59.351 0.000 -0.098 -0.017 -1.831 0.000
0.000 0.000 0.997 0.000 0.000 0.061 0.000 -0.048 0.000 -0.011 -0.000 0.000 0.000
0.000 0.000 0.000 0.000 0.000 0.000 0.000 0.000 3.800 -2.800 0.000 -0.000 0.000
0.000 0.000 0.000 0.000 0.000 0.000 -0.000 0.000 0.263 0.737 0.000 0.000 0.000
0.000 0.000 0.000 0.000 -0.000 0.000 0.000 0.000 -0.357 1.357 -0.000 0.000 -0.000
8.657 172.333 0.000 0.346 -0.079 21.564 -0.628 -197.382 0.000 -56.808 36.851 12.500 0.000
0.000 -0.044 0.000 0.000 0.000 0.000 0.000 0.000 0.000 0.000 0.000 0.000 1.044
0.000 0.042 0.000 -0.000 0.000 0.000 0.000 0.000 0.000 0.000 0.000 0.000 0.958

0.000 0.962 0.014 0.000 0.034 -0.003 0.000 -0.093 0.000 0.077 -0.001 0.014 0.000
0.000 1.000 -0.000 -0.000 -0.000 -0.000 0.000 0.000 0.000 0.000 0.000 0.000 0.000
0.000 1.000 0.000 0.000 0.000 0.000 0.000 0.000 0.000 -0.000 -0.000 0.000 0.000
2.246 2.502 0.000 0.003 0.517 -0.004 -3.660 -1.648 1.147 0.000 -0.002 0.000 -0.132
143.824 0.000 0.000 6.274 -221.106 -1.100 2494.428 207.513 10.826 0.000 0.570 61643.733 -64281.085
0.428 -20.062 0.000 0.004 -0.001 -0.005 19.619 0.000 6.950 -6.003 -0.000 0.000 0.068
-3.661 -380.757 0.000 -0.093 -0.011 -15.394 380.950 78.825 -60.413 0.000 -0.010 1.716 0.000
-0.020 0.000 1.019 -0.000 0.000 0.047 0.000 -0.104 0.000 0.059 0.000 -0.002 0.000
0.000 0.000 0.000 -0.000 0.000 0.000 0.000 0.000 3.800 -2.800 0.000 -0.000 0.000
0.000 0.000 0.000 0.000 0.000 0.000 -0.000 0.000 0.263 0.737 -0.000 0.000 0.000
0.000 -0.000 0.000 0.000 0.000 0.000 0.000 0.000 -0.357 1.357 0.000 0.000 0.000
-51.072 0.000 -500.350 -0.671 0.073 -20.147 -0.129 550.246 27.264 0.000 -9.108 3.416 0.000
0.000 -0.044 0.000 0.000 0.000 0.000 0.000 0.000 0.000 0.000 0.000 0.000 1.044
0.000 0.042 0.000 0.000 -0.000 0.000 -0.000 0.000 0.000 0.000 0.000 0.000 0.958

-0.239 0.000 -0.001 0.000 0.000 -0.001 1.251 0.006 0.000 0.000 -0.000 -0.013 0.000
0.000 1.000 0.000 0.000 -0.000 0.000 0.000 0.000 0.000 0.000 0.000 -0.000 0.000
0.000 1.000 0.000 -0.000 0.000 -0.000 0.000 -0.000 0.000 0.000 -0.000 0.000 0.000
-0.869 48.046 0.000 0.010 3.035 -0.011 -45.658 0.000 -25.230 22.405 -0.002 0.000 -0.759
256.531 0.000 -3768.601 10.561 -274.048 -1.471 3454.332 170.486 0.000 94.664 0.385 55.306 0.000
0.054 0.000 -20.178 0.005 -0.000 -0.005 20.145 0.000 7.434 -6.487 -0.000 0.000 0.033
-6.302 0.000 -505.369 -0.082 -0.011 -21.986 509.142 76.992 -52.752 0.000 0.059 1.160 0.000
0.000 0.000 0.998 -0.000 0.000 0.048 0.000 -0.128 0.083 0.000 0.000 0.000 -0.001
0.000 0.000 -0.000 0.000 0.000 0.000 0.000 0.000 3.800 -2.800 0.000 0.000 0.000
0.000 0.000 0.000 0.000 0.000 0.000 -0.000 0.000 0.263 0.737 0.000 0.000 0.000
-0.000 0.000 0.000 0.000 0.000 0.000 0.000 0.000 -0.357 1.357 0.000 0.000 0.000
-37.378 -254.326 0.000 -0.315 0.048 -11.813 1.008 295.593 0.000 120.762 -114.892 0.000 0.783
0.000 0.000 -0.044 0.000 0.000 0.000 0.000 0.000 0.000 0.000 0.000 0.000 1.044
0.000 0.000 0.042 0.000 0.000 0.000 0.000 0.000 -0.000 0.000 0.000 0.000 0.958

Real

: err true-train.  = ( 1313 3281 3005 ) (7599);  58.5 % 
: err true-test.  = ( 131 1053 216 ) (1400);  92.4 % 
: err train-test.  = ( 1313 2744 3221 ) (7278);  60.2 % 

5:-12513190.114588873
12:-6921091.98895109
7:-6287175.083701062
4:-192065.77533633544
1:-46006.09961603098
6:-34012.559550000624
8:-1788.9748870682874
3:-0.06298319295391955
2:-0.05598079116507894
9:-0.05585815385483789
10:-0.01888097919020776
11:-0.010423398319431803
14:-0.003941354436398941
13:-0.003360721512932522

Train

: err true-train.  = ( 1108 4272 2219 ) (7599);  58.5 % 
: err true-test.  = ( 1204 3977 2007 ) (7188);  60.7 % 
: err train-test.  = ( 96 777 586 ) (1459);  92.0 % 

5:-11751446.895210791
12:-5802321.447017245
7:-1910245.6274621554
4:-189920.1811403125
6:-17865.188891939317
1:-12855.340196476536
8:-1031.7156318023372
9:-0.028679125882186022
3:-0.022107945550821174
2:-0.02151105827469153
11:-0.008482733936271532
10:-0.002558717798980971
13:-0.0013458463986664522
14:-0.0012891608144282923

Winter 15 equal

Eucl

Perfect [[0, 6455, 0], [5445, 0, 0], [0, 0, 6401]]
Train [[2625, 3899, 160], [2622, 309, 0], [198, 2247, 6241]]

Clusters purity:68.68581635748158
Clusters purity 2:69.7338943227146
Rand index:0.7170960110573551
Information criterion: 0.28575819248912215
Tries: 49
Steps: 25
Time: 35567.973829746246

0.000 5.696 0.010 0.000 0.284 0.001 -4.713 -0.585 0.322 0.000 -0.001 0.000 -0.007
0.000 1.000 0.000 0.000 0.000 -0.000 -0.000 0.000 0.000 -0.000 0.000 0.000 0.000
0.000 1.000 0.000 0.000 -0.000 0.000 0.000 0.000 0.000 0.000 0.000 0.000 0.000
1.943 0.000 3.247 0.005 0.788 -0.008 -4.026 -4.429 3.670 0.000 0.002 -0.236 0.000
178.123 0.000 -3156.098 9.244 -272.538 -1.231 2924.966 0.000 809.691 -541.004 0.507 52.041 0.000
0.257 -19.240 0.000 0.004 -0.001 -0.007 18.987 0.000 6.444 -5.484 0.000 0.040 0.000
3.613 -738.333 0.000 -0.178 -0.014 -34.467 732.614 94.980 -59.045 0.000 0.012 1.618 0.000
-0.011 0.000 1.010 -0.000 0.000 0.049 0.000 -0.097 0.000 0.050 -0.000 -0.001 0.000
-0.054 4.576 0.000 -0.002 0.000 0.201 0.002 -4.529 0.808 0.000 -0.000 -0.002 0.000
0.000 0.000 0.000 -0.000 0.000 0.000 -0.000 -0.000 0.263 0.737 -0.000 0.000 0.000
0.019 -1.634 0.000 0.001 -0.000 -0.072 -0.001 1.617 0.000 1.068 0.000 0.001 0.000
-88.474 361.291 0.000 0.718 0.113 24.982 0.233 -275.801 0.000 -127.251 101.905 2.012 0.000
0.000 -0.044 0.000 0.000 0.000 0.000 0.000 0.000 0.000 0.000 0.000 0.000 1.044
0.000 0.042 0.000 0.000 0.000 0.000 0.000 0.000 0.000 0.000 0.000 0.000 0.958

0.000 1.680 -0.001 0.000 0.050 -0.000 -0.679 -0.160 0.000 0.115 0.000 0.000 -0.005
0.000 1.000 0.000 0.000 0.000 0.000 0.000 0.000 0.000 0.000 0.000 0.000 0.000
0.000 1.000 0.000 0.000 0.000 0.000 0.000 0.000 0.000 0.000 0.000 0.000 0.000
-2.531 105.436 0.000 0.013 5.851 -0.035 -101.439 -7.899 0.000 2.457 -0.056 0.000 -0.989
145.895 -5848.921 0.000 16.320 -342.030 -1.126 5659.232 0.000 1384.944 -1053.534 4.667 45.125 0.000
0.240 0.000 0.000 0.014 -0.001 0.001 21.375 0.000 9.738 -8.814 0.003 492.178 -513.723
-3.736 0.000 0.000 -0.181 -0.005 2.043 10.980 11.789 0.000 -9.911 0.036 258.594 -268.910
-0.007 0.000 1.004 -0.001 0.000 0.045 0.000 -0.161 0.119 0.000 -0.000 -0.000 0.000
0.000 0.000 0.000 -0.000 0.000 0.000 0.000 0.000 3.800 -2.800 0.000 0.000 0.000
0.000 0.000 0.000 0.000 0.000 0.000 0.000 0.000 0.263 0.737 0.000 0.000 0.000
0.000 0.000 0.000 0.000 0.000 0.000 0.000 0.000 -0.357 1.357 0.000 0.000 -0.000
3.624 285.547 0.000 -0.724 0.047 15.829 0.090 -290.800 0.000 -87.660 71.103 1.522 0.000
-0.000 -0.044 0.000 0.000 -0.000 0.000 0.000 -0.000 -0.000 0.000 -0.000 0.000 1.044
-0.000 0.042 0.000 0.000 0.000 -0.000 0.000 0.000 0.000 0.000 0.000 0.000 0.958

0.000 2.712 0.009 0.000 0.115 0.000 -1.743 -0.092 0.000 -0.015 -0.000 0.018 0.000
0.000 1.000 0.000 0.000 -0.000 0.000 0.000 0.000 0.000 0.000 0.000 0.000 0.000
0.000 1.000 0.000 0.000 0.000 0.000 -0.000 -0.000 0.000 0.000 0.000 0.000 0.000
2.944 -10.517 0.000 0.004 0.000 -0.017 8.495 1.511 0.000 -1.500 0.002 0.039 0.000
97.355 0.000 -698.280 3.754 -87.705 -1.061 586.183 -149.062 0.000 233.848 -0.295 6.671 0.000
0.058 0.000 0.000 0.000 -0.000 -0.005 15.876 0.000 2.068 -1.106 0.000 362.921 -378.815
1.463 0.000 0.000 -0.298 -0.021 -58.620 996.454 60.975 0.000 -2.001 -0.009 22739.035 -23736.639
-0.003 0.000 1.001 0.000 0.000 0.061 0.000 -0.043 -0.015 0.000 0.000 -0.000 0.000
-0.000 0.000 0.000 0.000 0.000 0.000 0.000 0.000 3.800 -2.800 0.000 0.000 0.000
0.000 0.000 0.000 0.000 0.000 0.000 0.000 0.000 0.263 0.737 0.000 0.000 0.000
-0.000 0.000 0.000 0.000 0.000 0.000 0.000 0.000 -0.357 1.357 0.000 0.000 0.000
-18.804 0.000 0.000 1.161 -0.185 6.333 -0.297 0.000 0.000 72.269 -78.287 -127.898 144.390
0.000 -0.044 0.000 0.000 -0.000 -0.000 -0.000 0.000 0.000 0.000 0.000 0.000 1.044
0.000 0.000 0.042 0.000 0.000 0.000 0.000 -0.000 -0.000 0.000 0.000 0.000 0.958

Real

: err true-train.  = ( 2556 2823 160 ) (5539);  69.7 % 
: err true-test.  = ( 803 199 154 ) (1156);  93.7 % 
: err train-test.  = ( 2509 2822 160 ) (5491);  70.0 % 

5:-1969121.341108306
12:-551895.9436462787
7:-376536.3640076094
4:-505.6888758992371
1:-19.74139253032029
6:-12.399570482132788
9:-0.17841876189811937
8:-0.040578342728530004
11:-0.025431385171644838
13:-4.704574507741199e-10
14:-2.0823875956921256e-10
2:4.083346993866144e-10
3:4.2231107499901555e-10
10:0.0010686034016808166

Train

: err true-train.  = ( 2785 309 2445 ) (5539);  69.7 % 
: err true-test.  = ( 2746 451 2431 ) (5628);  69.2 % 
: err train-test.  = ( 45 150 50 ) (245);  98.7 % 

5:-4704793.116697219
12:-251788.29001085946
7:-47605.6592101596
4:-1260.035588613997
6:-18.808961736248566
1:-2.5350464391000074
8:-0.04319933580512725
9:-0.04057460945149067
11:-0.0067738981981635225
13:-2.365013074268063e-09
14:-2.3255282144418743e-09
2:-2.128949461166485e-09
3:-6.092051307859947e-10
10:0.0008659091651867477

Total

Perfect [[0, 0, 6401], [0, 6455, 0], [5445, 0, 0]]
Train [[0, 1108, 5088], [3005, 3174, 1267], [2440, 2173, 46]]

Clusters purity:57.82350636536188
Clusters purity 2:58.47767881536529
Rand index:0.669096949821787
Information criterion: 0.33420539316815634
Tries: 49
Steps: 25
Time: 23527.10434603691

0.972 0.000 0.011 0.000 0.010 -0.000 0.000 0.214 -0.219 0.000 0.000 0.017 0.000
0.000 1.000 -0.000 0.000 0.000 0.000 0.000 -0.000 0.000 0.000 -0.000 0.000 0.000
0.000 1.000 0.000 -0.000 0.000 0.000 0.000 0.000 0.000 0.000 0.000 0.000 0.000
4.005 -11.682 0.000 0.005 0.000 -0.036 8.656 1.352 0.000 -1.305 0.000 0.000 -0.105
103.415 0.000 -652.522 6.028 -92.561 -0.480 534.791 0.000 -830.082 920.444 -0.106 6.885 0.000
0.000 0.000 -15.725 0.000 -0.000 -0.005 15.765 0.000 2.057 -1.094 0.000 -0.002 0.000
-3.565 0.000 -984.680 -0.870 -0.010 -59.143 990.806 59.351 0.000 -0.098 -0.017 -1.831 0.000
0.000 0.000 0.997 0.000 0.000 0.061 0.000 -0.048 0.000 -0.011 -0.000 0.000 0.000
0.000 0.000 0.000 0.000 0.000 0.000 0.000 0.000 3.800 -2.800 0.000 -0.000 0.000
0.000 0.000 0.000 0.000 0.000 0.000 -0.000 0.000 0.263 0.737 0.000 0.000 0.000
0.000 0.000 0.000 0.000 -0.000 0.000 0.000 0.000 -0.357 1.357 -0.000 0.000 -0.000
8.657 172.333 0.000 0.346 -0.079 21.564 -0.628 -197.382 0.000 -56.808 36.851 12.500 0.000
0.000 -0.044 0.000 0.000 0.000 0.000 0.000 0.000 0.000 0.000 0.000 0.000 1.044
0.000 0.042 0.000 -0.000 0.000 0.000 0.000 0.000 0.000 0.000 0.000 0.000 0.958

0.000 0.962 0.014 0.000 0.034 -0.003 0.000 -0.093 0.000 0.077 -0.001 0.014 0.000
0.000 1.000 -0.000 -0.000 -0.000 -0.000 0.000 0.000 0.000 0.000 0.000 0.000 0.000
0.000 1.000 0.000 0.000 0.000 0.000 0.000 0.000 0.000 -0.000 -0.000 0.000 0.000
2.246 2.502 0.000 0.003 0.517 -0.004 -3.660 -1.648 1.147 0.000 -0.002 0.000 -0.132
143.824 0.000 0.000 6.274 -221.106 -1.100 2494.428 207.513 10.826 0.000 0.570 61643.733 -64281.085
0.428 -20.062 0.000 0.004 -0.001 -0.005 19.619 0.000 6.950 -6.003 -0.000 0.000 0.068
-3.661 -380.757 0.000 -0.093 -0.011 -15.394 380.950 78.825 -60.413 0.000 -0.010 1.716 0.000
-0.020 0.000 1.019 -0.000 0.000 0.047 0.000 -0.104 0.000 0.059 0.000 -0.002 0.000
0.000 0.000 0.000 -0.000 0.000 0.000 0.000 0.000 3.800 -2.800 0.000 -0.000 0.000
0.000 0.000 0.000 0.000 0.000 0.000 -0.000 0.000 0.263 0.737 -0.000 0.000 0.000
0.000 -0.000 0.000 0.000 0.000 0.000 0.000 0.000 -0.357 1.357 0.000 0.000 0.000
-51.072 0.000 -500.350 -0.671 0.073 -20.147 -0.129 550.246 27.264 0.000 -9.108 3.416 0.000
0.000 -0.044 0.000 0.000 0.000 0.000 0.000 0.000 0.000 0.000 0.000 0.000 1.044
0.000 0.042 0.000 0.000 -0.000 0.000 -0.000 0.000 0.000 0.000 0.000 0.000 0.958

-0.239 0.000 -0.001 0.000 0.000 -0.001 1.251 0.006 0.000 0.000 -0.000 -0.013 0.000
0.000 1.000 0.000 0.000 -0.000 0.000 0.000 0.000 0.000 0.000 0.000 -0.000 0.000
0.000 1.000 0.000 -0.000 0.000 -0.000 0.000 -0.000 0.000 0.000 -0.000 0.000 0.000
-0.869 48.046 0.000 0.010 3.035 -0.011 -45.658 0.000 -25.230 22.405 -0.002 0.000 -0.759
256.531 0.000 -3768.601 10.561 -274.048 -1.471 3454.332 170.486 0.000 94.664 0.385 55.306 0.000
0.054 0.000 -20.178 0.005 -0.000 -0.005 20.145 0.000 7.434 -6.487 -0.000 0.000 0.033
-6.302 0.000 -505.369 -0.082 -0.011 -21.986 509.142 76.992 -52.752 0.000 0.059 1.160 0.000
0.000 0.000 0.998 -0.000 0.000 0.048 0.000 -0.128 0.083 0.000 0.000 0.000 -0.001
0.000 0.000 -0.000 0.000 0.000 0.000 0.000 0.000 3.800 -2.800 0.000 0.000 0.000
0.000 0.000 0.000 0.000 0.000 0.000 -0.000 0.000 0.263 0.737 0.000 0.000 0.000
-0.000 0.000 0.000 0.000 0.000 0.000 0.000 0.000 -0.357 1.357 0.000 0.000 0.000
-37.378 -254.326 0.000 -0.315 0.048 -11.813 1.008 295.593 0.000 120.762 -114.892 0.000 0.783
0.000 0.000 -0.044 0.000 0.000 0.000 0.000 0.000 0.000 0.000 0.000 0.000 1.044
0.000 0.000 0.042 0.000 0.000 0.000 0.000 0.000 -0.000 0.000 0.000 0.000 0.958

Real

: err true-train.  = ( 1313 3281 3005 ) (7599);  58.5 % 
: err true-test.  = ( 131 1053 216 ) (1400);  92.4 % 
: err train-test.  = ( 1313 2744 3221 ) (7278);  60.2 % 

5:-12513190.114588873
12:-6921091.98895109
7:-6287175.083701062
4:-192065.77533633544
1:-46006.09961603098
6:-34012.559550000624
8:-1788.9748870682874
3:-0.06298319295391955
2:-0.05598079116507894
9:-0.05585815385483789
10:-0.01888097919020776
11:-0.010423398319431803
14:-0.003941354436398941
13:-0.003360721512932522

Train

: err true-train.  = ( 1108 4272 2219 ) (7599);  58.5 % 
: err true-test.  = ( 1204 3977 2007 ) (7188);  60.7 % 
: err train-test.  = ( 96 777 586 ) (1459);  92.0 % 

5:-11751446.895210791
12:-5802321.447017245
7:-1910245.6274621554
4:-189920.1811403125
6:-17865.188891939317
1:-12855.340196476536
8:-1031.7156318023372
9:-0.028679125882186022
3:-0.022107945550821174
2:-0.02151105827469153
11:-0.008482733936271532
10:-0.002558717798980971
13:-0.0013458463986664522
14:-0.0012891608144282923