13 Summer todo el dataset:

Euclidean

Perfect [[7852, 0, 0], [0, 0, 3179], [0, 8351, 0]]
Train [[7852, 3553, 0], [0, 132, 1704], [0, 4666, 1475]]

Cluster 0: 0, 1: 2, 2: 1

Clusters purity: 69.82510321277118
Clusters purity 2: 73.37736043751934
Rand index:0.7061991982793046
Information criterion: 0.2461454427945485
Tries: 49
Steps: 25
Time: 29076.3699593544

0.000 0.643 0.001 -0.000 -0.016 -0.001 0.355 -0.103 0.000 0.119 0.001 0.000 0.000
-0.000 1.000 0.000 0.000 0.000 0.000 0.000 0.000 0.000 0.000 0.000 0.000 0.000
0.000 1.000 0.000 -0.000 0.000 0.000 0.000 0.000 0.000 0.000 0.000 0.000 0.000
7.946 0.000 0.000 0.018 4.264 -0.108 -54.280 -13.697 0.000 10.193 0.021 -1114.017 1160.700
-121.930 1233.121 0.000 1.545 -20.380 -0.975 -1176.254 0.000 0.000 23.264 0.657 56.826 0.000
-0.025 0.000 -22.155 0.001 -0.000 -0.005 22.236 0.000 7.910 -6.969 0.000 0.007 0.000
-4.416 0.000 0.000 -0.074 -0.008 -25.751 638.257 98.713 -71.147 0.000 -0.035 14521.448 -15156.125
0.001 0.000 0.996 -0.000 -0.000 0.044 0.000 -0.099 0.000 0.058 -0.000 -0.000 0.000
-0.020 5.251 0.000 -0.000 -0.000 0.215 0.002 -5.245 0.797 0.000 -0.000 0.000 -0.000
0.000 0.000 0.000 0.000 0.000 0.000 -0.000 -0.000 0.263 0.737 0.000 0.000 0.000
0.000 -0.000 0.000 0.000 0.000 -0.000 0.000 0.000 -0.357 1.357 0.000 0.000 0.000
53.682 0.000 0.000 0.153 0.056 7.815 -0.370 -58.830 -28.761 0.000 22.393 0.000 3.638
0.000 -0.044 0.000 0.000 0.000 -0.000 0.000 0.000 0.000 0.000 0.000 0.000 1.044
0.000 0.000 0.042 0.000 -0.000 0.000 0.000 -0.000 -0.000 0.000 0.000 0.000 0.958

1.000 0.000 0.000 0.000 0.000 -0.000 0.000 0.000 0.000 0.000 0.000 0.000 0.000
0.000 1.000 0.000 0.000 0.000 0.000 0.000 0.000 0.000 0.000 0.000 0.000 0.000
0.000 1.000 0.000 0.000 0.000 0.000 0.000 0.000 0.000 0.000 0.000 0.000 0.000
63344.821 -58578.252 0.000 0.086 190.092 -2.172 -4723.162 -1125.745 957.698 0.000 0.238 0.000 -70.285
151667.115 -159078.203 0.000 0.132 -380.527 -1.576 7396.323 529.523 0.000 -168.940 -0.180 36.319 0.000
0.000 -25.574 0.000 0.000 -0.001 -0.001 25.623 0.000 14.381 -13.467 0.000 0.000 0.043
-105.374 0.000 0.000 -0.005 -0.003 -0.953 103.283 4.239 0.000 0.000 -0.009 -0.873 0.000
0.000 0.000 0.998 -0.000 0.000 0.038 0.000 -0.158 0.000 0.123 -0.000 -0.001 0.000
0.000 -0.000 0.000 0.000 -0.000 0.000 0.000 0.000 3.800 -2.800 0.000 0.000 0.000
0.000 0.000 0.000 0.000 0.000 0.000 -0.000 0.000 0.263 0.737 0.000 0.000 0.000
0.000 -0.000 0.000 0.000 0.000 0.000 0.000 0.000 -0.357 1.357 0.000 0.000 0.000
20326.335 -20208.495 0.000 0.012 -0.006 3.094 -0.193 -133.712 31.534 0.000 -35.094 0.000 15.123
0.000 0.000 -0.044 0.000 -0.000 -0.000 0.000 -0.000 -0.000 0.000 0.000 0.000 1.044
0.042 0.000 0.000 -0.000 -0.000 -0.000 0.000 0.000 -0.000 0.000 0.000 0.000 0.958

0.000 0.870 0.000 0.000 0.000 0.000 0.139 0.052 -0.053 0.000 0.000 0.000 -0.008
-0.000 0.000 0.000 0.000 0.000 0.000 0.000 -0.000 0.000 0.000 0.000 -22.830 23.830
-0.000 0.000 0.000 0.000 0.000 0.000 0.000 0.000 0.000 0.000 0.000 -22.830 23.830
595.956 0.000 0.000 0.046 66.807 -2.150 -1248.108 -254.873 201.671 0.000 0.051 -14939.654 15580.557
365.291 -3933.500 0.000 0.123 -283.967 -1.487 3528.312 0.000 698.616 -419.274 0.606 0.000 49.280
0.000 -21.382 0.000 0.001 -0.001 -0.008 21.374 0.000 10.176 -9.220 0.001 0.061 0.000
0.000 0.000 0.000 -0.030 -0.008 -13.266 391.412 53.650 0.000 -37.474 0.004 8982.435 -9375.571
0.011 0.000 0.989 -0.000 0.000 0.042 0.000 -0.145 0.000 0.105 -0.000 -0.002 0.000
0.070 2.800 0.000 -0.000 0.000 0.102 0.001 -2.873 0.904 0.000 -0.000 -0.004 0.000
0.000 0.000 0.000 0.000 0.000 0.000 -0.000 -0.000 0.263 0.737 -0.000 -0.000 0.000
-0.025 -1.000 0.000 0.000 -0.000 -0.037 -0.000 1.026 0.000 1.034 0.000 0.001 0.000
23.622 547.342 0.000 0.016 0.072 36.619 0.086 -576.617 -46.044 0.000 10.460 3.624 0.000
-0.003 0.000 0.000 -0.000 0.000 0.002 0.000 -0.041 -0.007 0.006 0.000 -0.000 1.044
0.003 0.000 0.000 0.000 -0.000 -0.002 -0.000 0.039 0.006 0.000 -0.004 0.000 0.958

real

: err true-train.  = ( 0 1475 3685 ) (5160);  73.4 % 
: err true-test.  = ( 0 43 1755 ) (1798);  90.7 % 
: err train-test.  = ( 0 1432 2883 ) (4315);  77.7 % 

5:-12200597.49830167
4:-1180714.1395559127
12:-577684.0228346954
7:-55391.17237896721
6:-10.561421336615332
1:-0.8107173577401525
8:-0.021432163451287067
13:-0.00023303548163511323
2:-4.910674533675774e-09
3:8.60811866232325e-08
14:3.0334016543065445e-07
10:0.0003190585474460285
11:0.000930815350011131
9:0.01463213976480451

train

: err true-train.  = ( 3553 132 1475 ) (5160);  73.4 % 
: err true-test.  = ( 3553 132 1475 ) (5160);  73.4 % 
: err train-test.  = ( 0 0 0 ) (0);  100.0 % 

5:-7585509112.455911
4:-1329119340.46986
12:-137058251.34195554
7:-28970.90171615206
6:-8.907518530410831
1:-0.6351698323804271
2:-0.33168102617504047
3:-0.33168014952569536
9:-0.11092904710571111
8:-0.012929594755505036
11:-0.005628010584570571
14:-0.0005872066628285211
13:-4.624065987002268e-06
10:0.0009145539855217046

Total

Perfect [[0, 0, 3179], [0, 8351, 0], [7852, 0, 0]]
Train [[0, 3084, 1475], [0, 2607, 1704], [7852, 2660, 0]]

Cluster 0: 2, 1: 1, 2: 0

Clusters purity: 56.04917574741548
Clusters purity 2: 69.87410999896811
Rand index:0.7041389630464167
Information criterion: 0.2635623233156984
Tries: 49
Steps: 25
Time: 24163.897763729095

0.000 0.944 0.000 0.000 0.000 0.000 0.061 0.000 -0.001 0.000 0.000 0.000 -0.004
0.000 1.000 -0.000 0.000 0.000 0.000 0.000 0.000 0.000 0.000 -0.000 0.000 0.000
0.000 1.000 0.000 -0.000 0.000 0.000 0.000 0.000 0.000 -0.000 0.000 0.000 0.000
25.520 251.137 0.000 0.048 20.572 -0.453 -276.919 0.000 -50.855 33.123 0.010 -1.287 0.000
1148.190 -4809.056 0.000 1.750 -297.772 -0.320 3621.164 0.000 428.349 -139.948 0.458 51.692 0.000
0.000 0.000 -21.119 0.002 -0.001 -0.005 21.122 3.121 0.000 -2.179 0.001 0.000 0.060
37.303 -318.165 0.000 -0.076 -0.001 -7.377 278.175 53.318 -42.613 0.000 -0.002 0.588 0.000
0.995 0.000 0.000 -0.000 0.000 0.039 0.000 -0.215 0.179 0.000 -0.000 0.003 0.000
0.000 0.000 0.000 0.000 0.000 0.000 0.000 0.000 3.800 -2.800 0.000 0.000 0.000
0.000 0.000 0.000 0.000 0.000 -0.000 -0.000 0.000 0.263 0.737 0.000 0.000 0.000
0.000 0.000 0.000 0.000 -0.000 0.000 0.000 -0.000 -0.357 1.357 0.000 0.000 0.000
68.028 0.000 479.363 0.050 0.061 34.358 -0.045 -547.443 -87.674 0.000 54.543 0.000 -2.737
0.000 -0.044 0.000 0.000 0.000 -0.000 0.000 0.000 0.000 0.000 0.000 0.000 1.044
0.000 0.042 0.000 0.000 0.000 0.000 0.000 0.000 0.000 0.000 0.000 -0.000 0.958

1.010 0.000 0.000 0.000 0.006 0.001 0.000 -0.059 0.051 0.000 0.000 -0.009 0.000
0.000 1.000 -0.000 -0.000 -0.000 0.000 0.000 0.000 0.000 0.000 0.000 -0.000 0.000
0.000 1.000 0.000 0.000 0.000 -0.000 0.000 -0.000 0.000 0.000 0.000 0.000 0.000
205.684 0.000 3039.900 0.022 138.458 -2.888 -3223.345 -631.955 516.010 0.000 0.286 0.000 -44.094
234.349 -3905.687 0.000 0.033 -245.655 0.949 3640.628 503.147 -277.591 0.000 0.710 0.000 47.361
-0.504 0.000 -24.155 0.000 -0.001 -0.004 24.712 4.248 -3.325 0.000 0.001 0.023 0.000
2.509 -239.642 0.000 -0.012 0.003 -4.946 234.191 36.591 -28.547 0.000 0.014 0.555 0.000
0.000 0.000 0.998 -0.000 0.000 0.038 0.000 -0.186 0.150 0.000 -0.000 -0.001 0.000
0.000 0.000 0.000 0.000 0.000 0.000 0.000 0.000 3.800 -2.800 0.000 0.000 0.000
0.000 0.000 0.000 0.000 -0.000 0.000 -0.000 0.000 0.263 0.737 -0.000 0.000 0.000
0.000 0.000 0.000 0.000 0.000 0.000 0.000 0.000 -0.357 1.357 0.000 0.000 0.000
69.139 173.587 0.000 0.016 0.027 9.917 0.193 -260.460 0.000 0.000 -12.401 0.000 17.313
0.000 -0.044 0.000 0.000 -0.000 0.000 0.000 0.000 0.000 0.000 0.000 0.000 1.044
0.000 0.042 0.000 0.000 0.000 0.000 -0.000 0.000 0.000 0.000 0.000 0.000 0.958

0.000 0.997 0.001 -0.000 0.001 -0.001 0.000 -0.185 0.186 0.000 0.001 0.000 -0.001
0.000 1.000 0.000 0.000 0.000 -0.000 0.000 0.000 0.000 0.000 -0.000 0.000 0.000
0.000 1.000 -0.000 -0.000 -0.000 0.000 0.000 0.000 0.000 0.000 0.000 0.000 0.000
6.742 0.000 127.500 0.018 7.615 -0.116 -132.123 -25.450 18.908 0.000 0.022 0.000 -2.070
-134.922 942.537 0.000 1.395 -34.346 -0.954 -877.337 29.606 0.000 6.093 0.354 0.000 62.906
0.000 0.000 -22.208 0.001 -0.000 -0.005 22.263 2.093 0.000 -1.154 0.000 0.009 0.000
-6.482 -591.321 0.000 -0.078 -0.008 -23.675 595.535 94.045 -68.362 0.000 -0.021 1.279 0.000
0.000 0.997 0.000 -0.000 -0.000 0.044 0.000 0.000 -0.376 0.335 -0.000 -0.000 0.000
0.000 -0.000 0.000 0.000 -0.000 0.000 0.000 0.000 3.800 -2.800 0.000 0.000 0.000
0.000 0.000 0.000 0.000 0.000 0.000 -0.000 0.000 0.263 0.737 0.000 0.000 0.000
0.000 0.000 -0.000 0.000 0.000 0.000 0.000 0.000 -0.357 1.357 -0.000 0.000 0.000
61.411 0.000 66.931 0.124 0.025 6.267 -0.175 -135.535 -22.356 0.000 16.613 6.228 0.000
0.000 -0.044 0.000 0.000 0.000 0.000 0.000 0.000 0.000 0.000 -0.000 0.000 1.044
0.000 0.042 0.000 0.000 -0.000 -0.000 0.000 0.000 0.000 0.000 0.000 0.000 0.958

real

: err true-train.  = ( 1704 5744 0 ) (7448);  61.6 % 
: err true-test.  = ( 0 1275 0 ) (1275);  93.4 % 
: err train-test.  = ( 1704 6701 0 ) (8405);  56.6 % 

5:-43652993.59375124
4:-11519242.047550455
12:-10981111.9255404
7:-2659566.0302967736
6:-24408.84323995045
1:-7409.716448162963
8:-2766.769032383012
9:-0.06700015093950415
2:-0.030987238797336704
3:-0.028627517799684803
11:-0.026352122502916516
10:-0.020551782263926902
13:-0.0018928579406512658
14:-0.0016612302303565334

train

: err true-train.  = ( 3084 1704 2660 ) (7448);  61.6 % 
: err true-test.  = ( 3057 1793 2628 ) (7478);  61.4 % 
: err train-test.  = ( 27 89 35 ) (151);  99.2 % 

5:-19312367.32250896
12:-8723170.269677779
4:-8148091.387332267
7:-1143663.3897397325
6:-21131.504589162294
1:-4934.094602317531
8:-2284.624888868635
9:-0.024860289886456572
2:-0.024003565889096204
3:-0.02270968329393427
11:-0.009127031214636053
10:-0.006678294438621482
13:-0.0012764313670118154
14:-0.0008594875431678171

Summmer reducido

Perfect [[7852, 0, 0], [0, 3783, 0], [0, 0, 3179]]
Train [[7852, 562, 0], [0, 2252, 1475], [0, 969, 1704]]

Cluster 0: 0, 1: 1, 2: 2

Euclidean

Clusters purity:71.04374517423425
Clusters purity 2:79.70838396111786
Rand index:0.855163089799278
Information criterion: 0.18648541429369916
Tries: 49
Steps: 25
Time: 20408.360719680786

0.000 0.923 0.001 -0.000 0.000 -0.001 0.071 -0.173 0.000 0.176 0.001 0.002 0.000
0.000 1.000 0.000 0.000 0.000 0.000 0.000 0.000 0.000 0.000 0.000 0.000 0.000
0.000 1.000 0.000 0.000 0.000 0.000 0.000 0.000 0.000 0.000 0.000 0.000 0.000
5.952 0.000 0.000 0.021 9.155 -0.083 -157.786 -30.768 22.768 0.000 0.006 -3517.475 3669.369
-115.739 0.000 0.000 1.353 107.902 -0.603 -4126.973 -169.852 75.697 0.000 0.192 -95029.285 99255.451
0.000 0.000 -22.143 0.001 0.000 -0.003 22.214 0.000 7.206 -6.273 0.000 -0.002 0.000
-3.906 0.000 0.000 -0.032 -0.004 -17.943 441.383 64.968 -44.728 0.000 0.011 10038.256 -10477.352
0.000 0.000 0.997 -0.000 -0.000 0.044 0.000 -0.106 0.064 0.000 -0.000 0.000 0.000
-0.000 0.000 0.000 0.000 0.000 0.000 0.000 0.000 3.800 -2.800 0.000 0.000 0.000
0.000 0.000 0.000 0.000 0.000 0.000 0.000 0.000 0.263 0.737 0.000 0.000 0.000
0.000 -0.000 0.000 0.000 0.000 0.000 0.000 0.000 -0.357 1.357 0.000 0.000 0.000
47.074 0.000 108.529 0.032 0.016 5.706 0.146 -161.679 -12.670 0.000 8.088 6.231 0.000
0.000 0.000 -0.044 0.000 -0.000 -0.000 0.000 0.000 0.000 0.000 0.000 0.000 1.044
0.000 0.042 0.000 0.000 -0.000 0.000 0.000 -0.000 0.000 -0.000 0.000 0.000 0.958

0.000 0.973 0.000 0.000 0.002 0.000 0.030 0.000 0.000 -0.002 -0.000 -0.004 0.000
0.000 1.000 0.000 0.000 0.000 0.000 -0.000 0.000 0.000 0.000 0.000 0.000 0.000
0.000 1.000 0.000 0.000 0.000 0.000 0.000 0.000 0.000 0.000 0.000 0.000 0.000
17.879 0.000 236.437 0.043 18.219 -0.298 -253.963 0.000 -60.281 44.105 0.012 -1.351 0.000
937.520 0.000 -5093.997 1.926 -310.804 -1.185 4127.100 0.000 751.198 -448.808 0.432 0.000 39.791
0.284 -20.647 0.000 0.003 -0.001 -0.006 20.349 0.000 10.509 -9.559 0.001 0.000 0.073
31.208 0.000 0.000 -0.071 -0.006 -8.998 299.840 41.084 0.000 -28.706 -0.002 7661.394 -7994.403
0.012 0.988 0.000 -0.000 0.000 0.044 0.000 -0.160 0.000 0.118 -0.000 -0.003 0.000
0.000 0.000 0.000 -0.000 0.000 0.000 0.000 -0.000 3.800 -2.800 0.000 0.000 0.000
0.000 0.000 0.000 0.000 0.000 0.000 0.000 0.000 0.263 0.737 0.000 0.000 0.000
-0.000 0.000 0.000 0.000 0.000 0.000 0.000 0.000 -0.357 1.357 0.000 0.000 0.000
-66.239 608.419 0.000 0.078 0.062 33.956 -0.065 -536.029 -96.265 63.230 0.000 -9.171 0.000
0.000 -0.044 0.000 0.000 0.000 0.000 0.000 0.000 0.000 0.000 0.000 0.000 1.044
0.000 0.000 0.042 0.000 0.000 0.000 0.000 0.000 0.000 0.000 0.000 0.000 0.958

0.000 0.700 0.000 0.000 -0.011 0.000 0.303 0.077 -0.069 0.000 0.000 -0.001 0.000
0.000 1.000 0.000 0.000 0.000 0.000 -0.000 0.000 0.000 0.000 0.000 0.000 0.000
0.000 1.000 0.000 0.000 0.000 0.000 0.000 0.000 0.000 0.000 0.000 0.000 0.000
476.614 0.000 0.000 0.056 120.996 -0.330 -2947.802 -592.103 482.934 0.000 0.121 -56994.330 59453.021
283.925 -5749.003 0.000 0.087 -305.325 -1.593 5434.136 414.998 0.000 -125.120 0.370 45.103 0.000
-0.689 -24.416 0.000 0.000 -0.001 -0.005 25.147 0.000 12.608 -11.679 0.001 0.031 0.000
34.834 0.000 0.000 -0.002 -0.005 -9.115 331.233 51.730 0.000 -39.607 -0.043 8518.571 -8886.481
0.030 0.000 0.969 -0.000 0.000 0.038 0.000 -0.143 0.000 0.107 -0.000 -0.001 0.000
0.000 0.000 -0.000 0.000 0.000 0.000 0.000 0.000 3.800 -2.800 0.000 0.000 0.000
0.000 0.000 0.000 0.000 0.000 0.000 0.000 0.000 0.263 0.737 0.000 0.000 0.000
0.000 -0.000 0.000 0.000 0.000 0.000 0.000 0.000 -0.357 1.357 0.000 0.000 0.000
111.527 0.000 0.000 0.007 0.014 13.322 -0.483 -323.683 0.000 0.000 -12.988 -4501.634 4711.002
-0.003 0.000 0.000 -0.000 0.000 0.002 0.000 -0.041 -0.007 0.006 0.000 -0.000 1.044
0.003 0.000 0.000 0.000 -0.000 -0.001 -0.000 0.039 0.006 0.000 -0.004 0.000 0.958

Real

: err true-train.  = ( 0 1531 1475 ) (3006);  79.7 % 
: err true-test.  = ( 0 1510 132 ) (1642);  88.9 % 
: err train-test.  = ( 0 427 1343 ) (1770);  88.1 % 

5:-10746564.592199145
4:-944699.3758622655
12:-458569.68428162945
7:-47529.153529695635
6:-26.583155090081572
1:-0.603167853761164
9:-0.04043478331765575
8:-0.018714316354476068
10:-0.006634373013615476
11:-0.004715463160141833
3:-1.1459494189125508e-06
2:-6.711694737759899e-07
14:-2.3052635356179962e-09
13:1.1483799795541927e-06

Train

: err true-train.  = ( 562 1475 969 ) (3006);  79.7 % 
: err true-test.  = ( 562 1687 927 ) (3176);  78.6 % 
: err train-test.  = ( 0 212 42 ) (254);  98.3 % 

5:-4615809.037752402
4:-492293.4011389185
12:-337371.163159169
7:-10766.188283900508
6:-7.546310023833481
1:-0.45669721278743225
8:-0.012240558449349237
13:-9.9245483866639e-06
14:-9.112936247390735e-06
10:7.805820443143596e-12
3:2.2946053945815947e-09
2:2.3489079126193246e-07
11:0.0003414044670287705
9:0.006377254290048807

Total

Perfect [[7852, 0, 0], [0, 3783, 0], [0, 0, 3179]]
Train [[7852, 1024, 0], [0, 1864, 1475], [0, 895, 1704]]

Cluster 0: 0, 1: 1, 2: 2

Clusters purity: 67.62494175543083
Clusters purity 2: 77.08923990819495
Rand index:0.8238986219918866
Information criterion: 0.2106171926030358
Tries: 49
Steps: 25
Time: 16382.9819252491

0.000 0.996 0.000 -0.000 0.002 -0.001 0.000 -0.219 0.222 0.000 0.001 -0.000 0.000
0.000 1.000 0.000 0.000 -0.000 -0.000 0.000 0.000 0.000 0.000 -0.000 0.000 -0.000
0.000 1.000 0.000 -0.000 -0.000 0.000 0.000 0.000 0.000 0.000 0.000 0.000 0.000
5.562 0.000 176.877 0.020 10.002 -0.122 -180.315 -32.475 23.795 0.000 0.022 0.000 -2.276
-132.697 1597.896 0.000 1.385 -7.008 -1.017 -1535.447 10.806 0.000 0.000 0.328 61.142 0.000
0.000 0.000 -22.311 0.001 -0.000 -0.004 22.371 0.000 7.747 -6.812 0.000 0.000 0.007
-6.524 0.000 -514.949 -0.065 -0.008 -20.653 519.075 85.405 -62.551 0.000 -0.014 1.123 0.000
0.000 0.997 0.000 -0.000 -0.000 0.044 0.000 0.000 -0.363 0.322 -0.000 -0.000 0.000
0.000 0.000 0.000 0.000 -0.000 0.000 0.000 -0.000 3.800 -2.800 0.000 0.000 0.000
0.000 0.000 0.000 0.000 0.000 0.000 -0.000 0.000 0.263 0.737 0.000 0.000 0.000
0.000 -0.000 0.000 -0.000 -0.000 0.000 0.000 0.000 -0.357 1.357 0.000 0.000 0.000
64.552 0.000 33.478 0.119 0.026 4.871 -0.148 -105.005 0.000 -70.033 65.537 6.221 0.000
0.000 -0.044 0.000 0.000 0.000 0.000 0.000 0.000 0.000 -0.000 0.000 0.000 1.044
0.000 0.042 0.000 0.000 0.000 -0.000 0.000 0.000 0.000 0.000 0.000 0.000 0.958

0.000 1.005 0.000 0.000 0.002 0.000 0.000 -0.006 0.002 0.000 0.000 0.000 -0.005
0.000 1.000 -0.000 0.000 -0.000 0.000 0.000 0.000 0.000 0.000 -0.000 0.000 0.000
0.000 1.000 0.000 -0.000 0.000 -0.000 0.000 0.000 0.000 0.000 0.000 0.000 0.000
289.196 0.000 32.340 0.041 22.237 -0.635 -325.353 -25.298 0.000 7.000 0.021 1.572 0.000
780.688 -4757.568 0.000 0.767 -305.987 -0.972 3935.005 184.053 0.000 114.017 0.483 0.000 53.907
-0.486 0.000 -20.154 0.001 -0.001 -0.007 20.626 0.000 11.252 -10.299 0.001 0.000 0.072
41.473 -356.913 0.000 -0.058 -0.005 -9.438 313.235 56.467 -43.812 0.000 0.002 0.225 0.000
0.995 0.000 0.000 -0.000 0.000 0.041 0.000 -0.165 0.000 0.127 -0.000 0.002 0.000
0.000 0.000 0.000 0.000 0.000 0.000 0.000 0.000 3.800 -2.800 0.000 0.000 -0.000
0.000 0.000 0.000 0.000 0.000 0.000 -0.000 0.000 0.263 0.737 0.000 -0.000 0.000
0.000 0.000 0.000 0.000 -0.000 0.000 0.000 0.000 -0.357 1.357 0.000 0.000 -0.000
47.284 0.000 603.419 0.057 0.071 40.084 0.054 -649.374 -108.269 69.252 0.000 -4.205 0.000
0.000 -0.044 0.000 0.000 0.000 0.000 0.000 0.000 0.000 0.000 0.000 0.000 1.044
0.000 0.042 0.000 0.000 0.000 0.000 -0.000 0.000 0.000 0.000 0.000 0.000 0.958

0.000 0.896 -0.000 0.000 0.000 0.000 0.109 -0.048 0.000 0.047 0.000 -0.004 0.000
0.000 1.000 -0.000 -0.000 -0.000 0.000 0.000 0.000 0.000 0.000 -0.000 0.000 0.000
0.000 1.000 0.000 0.000 0.000 0.000 0.000 -0.000 0.000 0.000 0.000 0.000 0.000
69.603 0.000 3406.737 0.054 143.060 -2.304 -3447.185 -801.911 678.283 0.000 0.172 0.000 -50.883
179.876 -5611.732 0.000 0.098 -310.414 0.881 5394.542 519.604 0.000 -234.318 0.264 59.893 0.000
-0.500 -24.725 0.000 0.000 -0.001 -0.002 25.298 4.693 -3.779 0.000 -0.000 0.000 0.011
0.000 -178.268 0.000 -0.008 0.002 -2.809 174.940 28.506 -22.569 0.000 0.010 0.680 0.000
0.000 0.000 0.997 -0.000 0.000 0.038 0.000 -0.202 0.167 0.000 0.000 0.000 -0.000
0.000 0.000 0.000 0.000 0.000 -0.000 0.000 0.000 3.800 -2.800 0.000 0.000 0.000
0.000 0.000 0.000 0.000 -0.000 0.000 -0.000 0.000 0.263 0.737 0.000 0.000 0.000
-0.000 0.000 0.000 -0.000 -0.000 0.000 0.000 0.000 -0.357 1.357 0.000 0.000 0.000
70.180 0.000 -117.866 0.011 0.009 -2.540 0.162 28.924 48.640 0.000 -49.225 19.476 0.000
0.000 -0.044 0.000 0.000 0.000 0.000 0.000 0.000 0.000 0.000 0.000 0.000 1.044
0.000 0.000 0.042 -0.000 0.000 0.000 0.000 0.000 0.000 0.000 0.000 0.000 0.958

Real

: err true-train.  = ( 0 1919 1475 ) (3394);  77.1 % 
: err true-test.  = ( 0 988 0 ) (988);  93.3 % 
: err train-test.  = ( 0 1763 1475 ) (3238);  78.1 % 

5:-39900764.40712454
4:-9584778.100580586
12:-8693877.37719611
7:-2172795.1941146743
6:-21339.82442032326
1:-5246.737757833111
8:-2226.4011192809658
9:-0.048483411994552514
3:-0.022704743065479597
2:-0.022616672592104176
11:-0.021507099222328567
10:-0.014101113467581987
14:-0.0016176755667073684
13:-0.0014289801619988135

Train

: err true-train.  = ( 1024 1475 895 ) (3394);  77.1 % 
: err true-test.  = ( 1023 1479 790 ) (3292);  77.8 % 
: err train-test.  = ( 1 4 180 ) (185);  98.8 % 

5:-14957063.090384632
12:-7392721.394431554
4:-5804365.695141221
7:-916702.9595434084
6:-21202.376802427472
1:-3589.1504159644346
8:-2180.846180796364
9:-0.024791543168427188
2:-0.01685577127945107
3:-0.016804625839215326
11:-0.007933684905334495
10:-0.0058138499080979695
14:-0.0007401669049521003
13:-0.0006096782051156274

Summer Equal 

Euclidean

Perfect [[3809, 0, 0], [0, 0, 3179], [0, 3783, 0]]
Train [[3809, 562, 0], [0, 1465, 1704], [0, 1756, 1475]]

Cluster 0: 0, 1: 2, 2: 1

Clusters purity:
66.6733160615371
Clusters purity 2:
67.48677003063783
Rand index:0.7565032209756812
Information criterion: 0.24750095208780262
How to process data: all
Kind of mean: all
Tries: 49
Steps: 25
Time: 13554.891607046127

0.000 0.596 0.000 -0.000 -0.013 -0.001 0.400 -0.173 0.000 0.187 0.001 0.000 0.001
0.000 1.000 0.000 0.000 0.000 0.000 -0.000 0.000 -0.000 0.000 0.000 0.000 0.000
0.000 1.000 0.000 0.000 -0.000 0.000 0.000 0.000 0.000 0.000 0.000 0.000 0.000
5.349 39.001 0.000 0.024 4.280 -0.088 -41.608 -15.962 0.000 12.408 0.000 0.000 -2.299
-87.323 3896.720 0.000 1.522 94.911 -0.385 -3888.227 -152.842 70.367 0.000 0.176 0.000 63.705
-0.009 0.000 -22.021 0.000 0.000 -0.003 22.100 0.000 7.210 -6.276 0.000 -0.001 0.000
-3.878 0.000 0.000 -0.036 -0.002 -18.551 458.845 69.462 -48.675 0.000 0.016 10431.137 -10887.660
0.001 0.000 0.996 -0.000 -0.000 0.044 0.000 -0.089 0.000 0.048 -0.000 0.000 0.000
0.000 0.000 0.000 0.000 0.000 0.000 0.000 -0.000 3.800 -2.800 0.000 0.000 0.000
0.000 0.000 0.000 0.000 0.000 0.000 0.000 0.000 0.263 0.737 0.000 -0.000 0.000
0.000 -0.000 0.000 0.000 0.000 0.000 0.000 0.000 -0.357 1.357 0.000 0.000 0.000
38.338 0.000 0.000 0.000 0.012 0.572 0.177 -44.166 0.000 -26.920 27.135 0.000 6.493
0.000 -0.044 0.000 0.000 0.000 0.000 0.000 0.000 0.000 0.000 0.000 0.000 1.044
0.000 0.042 0.000 0.000 0.000 0.000 -0.000 0.000 0.000 0.000 0.000 0.000 0.958

0.000 0.865 0.000 0.000 -0.003 0.000 0.137 0.031 0.000 -0.029 0.000 0.000 -0.001
0.000 0.000 0.000 -0.000 0.000 0.000 -0.000 0.000 0.000 0.000 0.000 -22.829 23.829
-0.000 0.000 0.000 -0.000 0.000 0.000 0.000 0.000 0.000 0.000 0.000 -22.829 23.829
316.884 0.000 0.000 0.044 94.648 -0.275 -2261.327 -355.018 0.000 269.272 0.104 -44982.035 46916.649
420.318 0.000 -4705.428 0.073 -260.806 -1.465 4247.637 311.978 0.000 -62.638 0.296 48.223 0.000
-0.240 0.000 0.000 0.000 -0.001 -0.007 24.772 0.000 12.387 -11.452 0.000 559.547 -584.014
17.682 0.000 0.000 -0.002 -0.006 -11.488 393.091 72.677 -58.289 0.000 -0.034 9551.592 -9963.964
0.015 0.000 0.984 -0.000 0.000 0.038 0.000 -0.144 0.000 0.108 -0.000 -0.001 0.000
-0.000 0.000 0.000 0.000 -0.000 0.000 0.000 0.000 3.800 -2.800 0.000 0.000 0.000
0.000 0.000 0.000 0.000 0.000 0.000 0.000 0.000 0.263 0.737 -0.000 0.000 0.000
0.000 -0.000 0.000 0.000 0.000 0.000 0.000 0.000 -0.357 1.357 0.000 0.000 0.000
86.676 0.000 31.920 0.007 0.011 5.273 -0.316 -131.400 17.582 0.000 -23.839 11.197 0.000
-0.000 0.000 -0.044 0.000 -0.000 -0.000 0.000 0.000 0.000 0.000 -0.000 0.000 1.044
0.000 0.000 0.042 -0.000 0.000 0.000 -0.000 -0.000 -0.000 0.000 0.000 0.000 0.958

0.000 0.914 -0.000 0.000 -0.001 0.000 0.092 0.012 0.000 -0.012 0.000 0.000 -0.005
-0.000 0.000 0.000 0.000 -0.000 0.000 0.000 0.000 0.000 0.000 0.000 -22.831 23.831
-0.000 0.000 0.000 0.000 0.000 0.000 -0.000 0.000 0.000 0.000 0.000 -22.831 23.831
-26.048 0.000 0.000 0.048 19.392 -0.343 -255.109 0.000 -44.799 27.632 0.009 -6431.197 6711.203
1302.162 0.000 -5228.464 1.923 -306.156 -0.704 3882.088 0.000 610.374 -312.817 0.433 0.000 55.886
-0.320 -20.116 0.000 0.003 -0.001 -0.006 20.427 0.000 11.308 -10.359 0.001 0.069 0.000
59.977 0.000 0.000 -0.068 -0.003 -7.821 279.767 40.146 0.000 -28.971 0.001 7815.967 -8157.804
0.055 0.945 0.000 -0.000 0.000 0.044 0.000 -0.173 0.000 0.131 -0.000 0.000 -0.002
0.000 0.000 0.000 -0.000 0.000 0.000 0.000 0.000 3.800 -2.800 0.000 0.000 0.000
0.000 0.000 0.000 0.000 0.000 0.000 0.000 0.000 0.263 0.737 0.000 0.000 0.000
0.000 0.000 0.000 0.000 -0.000 0.000 0.000 0.000 -0.357 1.357 0.000 0.000 0.000
29.685 617.663 0.000 0.056 0.069 39.507 0.046 -645.466 0.000 -365.274 326.838 -4.812 0.000
0.000 0.000 -0.044 0.000 0.000 -0.000 -0.000 0.000 0.000 -0.000 0.000 0.000 1.044
0.015 0.000 0.000 0.000 -0.000 -0.001 -0.000 0.027 0.005 0.000 -0.003 0.000 0.958

Real

: err true-train.  = ( 0 1475 2027 ) (3502);  67.5 % 
: err true-test.  = ( 0 178 1284 ) (1462);  86.4 % 
: err train-test.  = ( 0 1297 1022 ) (2319);  78.5 % 

5:-6286340.201453314
4:-636650.1832270883
12:-295664.1274859182
7:-30086.332958479914
6:-48.772363716885586
1:-0.46665210485407727
8:-0.012744353025347266
13:-0.00011262480246188034
14:-0.00010368525617110436
10:1.3942226496574395e-11
2:1.0822347462635662e-09
3:3.007052384873532e-09
11:0.0007721858081442502
9:0.013579092047326793

Train

: err true-train.  = ( 562 1465 1475 ) (3502);  67.5 % 
: err true-test.  = ( 562 1465 1475 ) (3502);  67.5 % 
: err train-test.  = ( 0 0 0 ) (0);  100.0 % 

5:-3550331.8764938675
4:-371013.6109450102
12:-252716.29598375608
7:-9294.23470009369
6:-6.804334376904897
1:-0.28561252294881
8:-0.010687072358486205
14:-3.624440927296746e-05
2:-8.980986194728757e-07
3:-8.811091092297829e-07
13:5.937030209679506e-07
10:0.00028766443442228827
11:0.0003052886047668524
9:0.008359365789352785

Total

Perfect [[0, 0, 3179], [0, 3783, 0], [3809, 0, 0]]
Train [[0, 895, 1704], [0, 1864, 1475], [3809, 1024, 0]]

Cluster 0: 2, 1: 1, 2: 0

Clusters purity:
67.62494175543083
Clusters purity 2:
68.48946244545539
Rand index:0.7382532466429725
Information criterion: 0.26248428022125353
How to process data: all
Kind of mean: all
Tries: 49
Steps: 25
Time: 13113.76385807991

0.000 0.896 -0.000 0.000 0.000 0.000 0.109 -0.048 0.000 0.047 0.000 0.000 -0.004
0.000 1.000 -0.000 -0.000 -0.000 0.000 0.000 0.000 0.000 0.000 -0.000 0.000 0.000
0.000 1.000 0.000 0.000 0.000 0.000 0.000 -0.000 0.000 0.000 0.000 0.000 0.000
69.836 0.000 3405.809 0.054 143.040 -2.305 -3446.507 -801.654 678.051 0.000 0.172 0.000 -50.865
179.937 -5609.052 0.000 0.098 -310.315 0.881 5391.800 519.357 0.000 -234.161 0.264 59.886 0.000
-0.500 -24.724 0.000 0.000 -0.001 -0.002 25.297 4.693 -3.779 0.000 -0.000 0.000 0.011
3.459 0.000 -178.102 -0.008 0.002 -2.683 171.292 28.117 -22.294 0.000 0.010 0.691 0.000
0.000 0.000 0.997 -0.000 0.000 0.038 0.000 -0.202 0.167 0.000 0.000 0.000 -0.000
0.000 0.000 0.000 0.000 0.000 -0.000 0.000 0.000 3.800 -2.800 0.000 0.000 0.000
0.000 0.000 0.000 0.000 -0.000 -0.000 -0.000 0.000 0.263 0.737 -0.000 0.000 0.000
-0.000 0.000 0.000 -0.000 -0.000 0.000 0.000 0.000 -0.357 1.357 0.000 0.000 0.000
70.183 -117.360 0.000 0.011 0.009 -2.520 0.162 28.413 48.551 0.000 -49.155 19.476 0.000
0.000 -0.044 0.000 0.000 -0.000 0.000 0.000 0.000 0.000 0.000 0.000 0.000 1.044
0.000 0.042 0.000 0.000 0.000 0.000 0.000 0.000 -0.000 0.000 0.000 0.000 0.958

0.000 1.005 0.000 0.000 0.003 0.000 0.000 -0.005 0.000 0.002 0.000 -0.004 0.000
0.000 1.000 -0.000 0.000 0.000 0.000 0.000 0.000 0.000 -0.000 -0.000 0.000 0.000
0.000 1.000 0.000 -0.000 0.000 -0.000 0.000 0.000 0.000 0.000 0.000 0.000 0.000
286.859 33.551 0.000 0.041 22.192 -0.634 -324.193 -25.063 0.000 6.799 0.021 1.545 0.000
782.014 -4756.547 0.000 0.772 -306.000 -0.970 3934.928 183.924 0.000 114.151 0.483 51.641 0.000
0.000 0.000 -20.612 0.001 -0.001 -0.007 20.595 0.000 11.241 -10.288 0.001 0.000 0.074
41.471 0.000 -356.843 -0.058 -0.005 -9.433 313.166 44.939 0.000 -32.288 0.002 0.224 0.000
0.000 1.000 0.000 -0.000 0.000 0.043 0.000 -0.170 0.000 0.128 -0.000 -0.003 0.000
0.000 0.000 0.000 0.000 0.000 0.000 0.000 0.000 3.800 -2.800 0.000 0.000 0.000
0.000 0.000 0.000 0.000 0.000 0.000 -0.000 0.000 0.263 0.737 0.000 -0.000 0.000
0.000 -0.000 0.000 -0.000 -0.000 0.000 0.000 0.000 -0.357 1.357 0.000 0.000 0.000
47.230 0.000 603.463 0.057 0.071 40.080 0.054 -649.363 -108.345 69.333 0.000 -4.209 0.000
0.000 0.000 -0.044 0.000 0.000 0.000 0.000 0.000 0.000 0.000 -0.000 0.000 1.044
0.000 0.042 0.000 0.000 0.000 0.000 -0.000 0.000 0.000 0.000 0.000 0.000 0.958

0.000 0.997 0.000 -0.000 0.001 -0.001 0.000 -0.163 0.000 0.166 0.001 0.000 -0.001
0.000 1.000 0.000 0.000 0.000 -0.000 0.000 0.000 0.000 0.000 -0.000 0.000 -0.000
0.000 1.000 -0.000 -0.000 -0.000 0.000 0.000 0.000 0.000 0.000 0.000 0.000 0.000
5.147 133.690 0.000 0.019 7.864 -0.128 -136.710 -26.410 19.692 0.000 0.011 0.000 -2.138
-129.244 580.197 0.000 1.360 -53.205 -0.867 -516.951 76.482 -23.604 0.000 0.414 60.889 0.000
-0.009 0.000 -22.352 0.001 -0.000 -0.004 22.414 2.138 0.000 -1.200 0.000 0.000 0.012
-7.935 -558.991 0.000 -0.079 -0.007 -21.879 564.736 96.107 -72.179 0.000 -0.016 1.094 0.000
0.000 0.997 0.000 -0.000 -0.000 0.043 0.000 0.000 -0.383 0.342 -0.000 0.000 -0.000
0.000 -0.000 0.000 -0.000 -0.000 0.000 0.000 0.000 3.800 -2.800 0.000 0.000 0.000
0.000 0.000 0.000 0.000 0.000 0.000 -0.000 0.000 0.263 0.737 0.000 -0.000 0.000
0.000 -0.000 0.000 0.000 -0.000 0.000 0.000 0.000 -0.357 1.357 0.000 0.000 0.000
61.707 0.000 0.000 0.054 0.027 3.858 -0.120 -68.157 -23.201 19.412 0.000 5.951 0.000
0.000 -0.044 0.000 0.000 -0.000 0.000 0.000 0.000 0.000 0.000 0.000 0.000 1.044
0.000 0.042 0.000 0.000 0.000 0.000 0.000 0.000 0.000 -0.000 0.000 0.000 0.958

Real

: err true-train.  = ( 1475 1919 0 ) (3394);  68.5 % 
: err true-test.  = ( 0 1591 0 ) (1591);  85.2 % 
: err train-test.  = ( 1475 1452 0 ) (2927);  72.8 % 

5:-21754115.130901095
4:-6305294.398974391
12:-5565431.521609209
7:-1361060.4674625343
6:-14754.436841201983
1:-4267.67200980062
8:-1396.0932511570047
3:-0.01834771013816225
2:-0.017566335717425396
11:-0.013053005666317844
9:-0.012250361445171174
10:-0.009196719879887828
13:-0.0014676085268105262
14:-0.0012053185148411263

Train

: err true-train.  = ( 895 1475 1024 ) (3394);  68.5 % 
: err true-test.  = ( 909 1518 1023 ) (3450);  68.0 % 
: err train-test.  = ( 68 43 1 ) (112);  99.0 % 

5:-10257346.876892291
12:-4656927.671229911
4:-4479423.808410657
7:-671830.828891056
6:-15304.756090333673
1:-2849.1685943704833
8:-506.73904923790013
3:-0.014365695856840454
2:-0.01350505322794756
9:-0.013325666001916394
10:-0.0047345252281502485
11:-0.004139096719814786
13:-0.00041815485994185433
14:-0.0003135596459470156

























